	baseMean	log2FoldChange	lfcSE	stat	pvalue	padj
ABCA13	47.65328184	-1.948331421	0.359408001	-5.420946156	5.92844E-08	6.0298E-06
ABCA4	183.1356886	-1.6732272	0.309733214	-5.402156185	6.58446E-08	6.63587E-06
ABCG8	9.95581658	-1.704560626	0.401719376	-4.243162584	2.20392E-05	0.001105515
ACOT12	22.2811126	-2.259003656	0.445136479	-5.074856279	3.87789E-07	3.242E-05
ACPP	449.6885367	-3.286982844	0.348458575	-9.432922811	3.98818E-21	3.66763E-18
ADAMTS19	14.87375061	-2.174480065	0.569137073	-3.820661435	0.000133094	0.004753274
ADGRA1	9.415308592	-3.336063077	0.538856114	-6.191009053	5.97803E-10	8.5676E-08
ADGRF2	44.62733451	-1.996490225	0.381868448	-5.228214678	1.71155E-07	1.53559E-05
ADGRF3	98.58434098	-1.163305068	0.25199936	-4.61630168	3.90639E-06	0.000253322
ADH1B	1676.110096	-1.187266228	0.319746942	-3.713143344	0.000204701	0.006644048
ADH1C	242.3096256	-2.336261422	0.402960113	-5.797748571	6.72111E-09	7.84876E-07
ADH4	17.28107152	-2.006383592	0.423967109	-4.73240388	2.21876E-06	0.000154969
AFM	197.8522289	-3.084255938	0.405115428	-7.613276925	2.67232E-14	9.07398E-12
AGXT	179.2199035	-1.314339694	0.311731856	-4.216250814	2.48397E-05	0.001215606
AHSG	14.00348452	-1.992185959	0.473759298	-4.205059335	2.61014E-05	0.001266206
AIF1L	15305.14551	-1.100547873	0.26709561	-4.120426664	3.78171E-05	0.00167267
AKR1D1	9.090790421	-1.624436757	0.389780449	-4.167568593	3.07866E-05	0.001417488
ALB	1837.972494	-4.090268431	0.403928186	-10.12622683	4.22645E-24	5.83012E-21
ALDH3B2	25.25284098	-1.723150891	0.437529244	-3.938367357	8.20379E-05	0.003250734
ALDOB	29981.08226	-3.545539492	0.432640406	-8.19511873	2.50346E-16	1.15112E-13
AMELX	1.796610608	-2.377085067	0.575321558	-4.131750379	3.60011E-05	0.001601978
AMPH	111.5090998	-1.611092464	0.268753676	-5.994680663	2.03886E-09	2.63156E-07
ANKRD1	59.81058226	-1.041604843	0.226409015	-4.600544917	4.21387E-06	0.000268024
ANKRD34B	21.73884118	-2.763459997	0.403820076	-6.843295219	7.73919E-12	1.58159E-09
ANKRD34C	4.136620065	-1.511813026	0.365440471	-4.136961138	3.51936E-05	0.001572383
APCDD1L-DT	105.9695386	-1.174095905	0.321201231	-3.655328166	0.000256853	0.007894989
APCS	32.41769068	-2.705164972	0.624443458	-4.332121566	1.47679E-05	0.000791124
APELA	25.23705789	-1.847284781	0.463514532	-3.985386975	6.73702E-05	0.002738358
APOA2	15.32363805	-1.615108953	0.433564316	-3.725188842	0.000195169	0.006391063
AQP2	23410.85296	-7.999907081	0.685216507	-11.67500637	1.71053E-31	1.25844E-27
AQP5	23.88167506	-2.043480731	0.410080342	-4.983122873	6.25662E-07	4.8795E-05
AQP6	990.4870933	-3.609272903	0.512225915	-7.046252051	1.83801E-12	4.2257E-10
ARL14	14.98025571	-1.930491438	0.438562558	-4.401861036	1.07326E-05	0.00060649
ARMC4	23.64885759	-1.087833353	0.296903464	-3.663929475	0.000248375	0.007666978
ARMH4	680.7810366	-1.216946949	0.263642116	-4.615904952	3.91386E-06	0.000253322
ARSI	60.76206898	-1.039907056	0.286715196	-3.626968751	0.000286768	0.008518514
ART1	8.099077341	-1.197895091	0.318728454	-3.758356294	0.000171033	0.005843459
ASB15	53.26093276	-3.372302136	0.484125717	-6.965757071	3.26642E-12	7.28143E-10
ASB5	31.04582048	-1.63081465	0.434866367	-3.75015125	0.000176728	0.005955057
ASTN1	23.26585896	-1.205564732	0.29944402	-4.026010382	5.67312E-05	0.002380445
ATP10B	30.27873348	-1.260208481	0.28497217	-4.422215964	9.76937E-06	0.000558601
ATP12A	139.2397743	-4.741497775	0.569900344	-8.319871747	8.80585E-17	4.62748E-14
ATP6V0D2	2226.110565	-3.835084875	0.4596365	-8.3437344	7.19806E-17	3.87484E-14
ATP6V1G3	256.7806767	-4.524157466	0.859961456	-5.260883998	1.43364E-07	1.31294E-05
AVPR2	202.1698411	-1.370320712	0.290938867	-4.709995354	2.47722E-06	0.000168622
B4GALNT2	640.2206385	-1.56751226	0.382773263	-4.095145645	4.21903E-05	0.001843925
BCHE	144.604076	-1.475261379	0.315729777	-4.672544335	2.97491E-06	0.000200181
BMP7	207.4943854	-2.277188491	0.431180179	-5.281292141	1.28276E-07	1.18957E-05
BMPR1B	640.9531851	-1.577758436	0.387642502	-4.070137889	4.69853E-05	0.00202938
BRINP1	226.1510449	-1.202262712	0.277139108	-4.33812001	1.43707E-05	0.000773598
BRINP3	30.05557464	-5.250107211	0.634937947	-8.268693394	1.35435E-16	6.6844E-14
C10orf71	9.213483091	-2.651566021	0.634454256	-4.179286366	2.92425E-05	0.001370301
C10orf82	20.80824642	-1.756648811	0.3270576	-5.371068621	7.82714E-08	7.74676E-06
C13orf42	4.238793213	-2.327303667	0.571187422	-4.074500906	4.61131E-05	0.001995614
C16orf89	456.9419768	-1.305805369	0.338179984	-3.861273375	0.000112798	0.004163137
C20orf203	11.82652798	1.059158395	0.258208073	4.101956924	4.09671E-05	0.001794016
C2CD4B	71.66682999	-1.071733565	0.232150696	-4.616542541	3.90186E-06	0.000253322
C4BPB	18.88784883	-1.417749614	0.279555009	-5.071451303	3.94793E-07	3.27575E-05
C4orf54	65.80355335	-5.132267982	0.637814008	-8.046652971	8.5089E-16	3.68235E-13
C7	13102.41888	-1.302915033	0.33673396	-3.869271259	0.000109161	0.004088332
CA1	33.53379587	-1.459401575	0.347398508	-4.200943701	2.65805E-05	0.001278121
CA10	151.1334036	-2.170645584	0.561909195	-3.862982848	0.000112011	0.004159201
CA8	319.9292554	-1.329323473	0.276523147	-4.807277391	1.53E-06	0.000108931
CACNA1S	17.79423762	-1.014642318	0.272341601	-3.725623681	0.000194833	0.006389535
CALB1	1794.718655	-5.352276985	0.469612044	-11.39723107	4.31629E-30	1.58775E-26
CALCA	159.7189123	-4.240010994	0.581836126	-7.287294149	3.16242E-13	8.51192E-11
CALML3	44.08493511	-2.902417366	0.469426154	-6.182905102	6.29325E-10	8.90375E-08
CAMK2A	32.44898299	-1.616784335	0.296685866	-5.449482157	5.05167E-08	5.25922E-06
CAPZA3	1.830058526	-2.4653464	0.639631717	-3.854321691	0.000116051	0.004247695
CASKIN1	19.11756842	-1.102009018	0.307145253	-3.587908354	0.000333341	0.00965509
CASP14	41.31902518	-5.500563352	0.70027126	-7.854903755	4.00079E-15	1.52244E-12
CASR	1060.599989	-3.460981334	0.44394413	-7.795984007	6.39085E-15	2.39072E-12
CBLN2	35.58270039	-2.155938306	0.361779457	-5.959261267	2.53381E-09	3.214E-07
CCBE1	250.7815573	-1.38550953	0.352494586	-3.930583856	8.47398E-05	0.003327923
CCDC187	5.567269589	-1.966249447	0.447932082	-4.389615133	1.13551E-05	0.00063609
CCL11	37.83666257	-1.549376157	0.362165114	-4.278093325	1.88501E-05	0.0009679
CCL21	730.852591	-1.391672799	0.374275235	-3.718313879	0.000200557	0.006538394
CCN6	64.16833462	-1.055065882	0.283069107	-3.727237822	0.00019359	0.00636769
CCNI2	72.61803332	-1.061046281	0.23623824	-4.491424768	7.07483E-06	0.000412001
CCSER1	196.9749183	-1.041130368	0.233376539	-4.46116124	8.15167E-06	0.000469753
CD8B2	28.06669615	-1.410114266	0.374423	-3.766099484	0.000165818	0.0056917
CDH19	22.95112255	-1.813614536	0.470831814	-3.851937106	0.000117187	0.004282181
CDH3	415.1153191	-1.710206046	0.29193279	-5.858218408	4.67859E-09	5.70504E-07
CEACAM7	4.147170147	-2.396601454	0.594209289	-4.033261511	5.5008E-05	0.002330291
CEND1	34.91453011	-1.114110952	0.257688388	-4.323481405	1.53586E-05	0.000816819
CES5A	6.699922813	-1.809007714	0.44008684	-4.110569891	3.94684E-05	0.001738736
CGA	10.27877875	-1.819666274	0.50201889	-3.624696816	0.000289301	0.008573721
CHD5	34.00694468	-1.50869154	0.30810993	-4.896601489	9.75083E-07	7.17369E-05
CHGB	372.0506554	-1.787703932	0.361583599	-4.944095743	7.64981E-07	5.84218E-05
CHL1	860.9542072	-1.419037592	0.327869955	-4.3280501	1.50435E-05	0.000803936
CHP2	13.67055629	-2.410673302	0.452491726	-5.327552224	9.95452E-08	9.53998E-06
CHRDL1	662.9831115	-1.577418433	0.395216813	-3.991273605	6.57194E-05	0.002688985
CHRNA1	70.20193456	1.333390498	0.334270271	3.98895928	6.63638E-05	0.002707423
CHRNA4	36.93111926	-1.762435349	0.491159731	-3.588314019	0.000332823	0.00965275
CIDEA	3.6039257	-2.044110123	0.560342126	-3.647967963	0.000264323	0.008046709
CLCNKA	2320.19542	-2.687729592	0.464011813	-5.792373201	6.93987E-09	7.9776E-07
CLDN14	123.6142845	-1.516729068	0.234835923	-6.458675689	1.05623E-10	1.75279E-08
CLDN16	855.657619	-4.032290018	0.400607266	-10.06544403	7.85321E-24	9.62935E-21
CLDN19	902.9101251	-3.194637459	0.448557993	-7.122016566	1.06359E-12	2.57962E-10
CLDN8	1399.625785	-2.977626003	0.725512739	-4.104167777	4.05773E-05	0.00178048
CLIC5	2230.190311	-2.134080174	0.298103281	-7.15886175	8.13497E-13	2.04031E-10
CLNK	202.0895666	-2.222164901	0.315058942	-7.053171985	1.74884E-12	4.06303E-10
CLSTN2	961.7194588	-1.350146202	0.278039615	-4.855949036	1.19812E-06	8.69855E-05
CNMD	9.350251109	-2.060782116	0.404294967	-5.097224264	3.4467E-07	2.92585E-05
CNTN1	438.2632289	-1.842901128	0.390106683	-4.724095245	2.31142E-06	0.000159923
CNTN4-AS2	1.350820798	-1.975728085	0.454307255	-4.34888077	1.36834E-05	0.000745695
CNTN5	24.04600074	-1.785786195	0.350519193	-5.094688771	3.49315E-07	2.95392E-05
CNTNAP4	3.095727798	-1.914359627	0.476092419	-4.020983219	5.79557E-05	0.002422616
COL18A1-AS1	52.82657662	-1.260313694	0.287458955	-4.384325735	1.16346E-05	0.000645018
COL26A1	110.5681633	-3.653611538	0.407315676	-8.969975263	2.96581E-19	2.3378E-16
COL4A6	239.0672132	-3.502501244	0.362514202	-9.66169387	4.38552E-22	4.60918E-19
CPA1	8.389282741	-1.428067718	0.333733405	-4.279067351	1.87678E-05	0.0009679
CPAMD8	892.0542931	-1.101686685	0.224489663	-4.90751631	9.2237E-07	6.83142E-05
CPNE4	26.62050898	-1.513973092	0.335848554	-4.507904159	6.54711E-06	0.000388444
CPNE6	23.03716868	-3.043387726	0.448491001	-6.785839003	1.15414E-11	2.29486E-09
CR2	86.35465359	-2.113774129	0.391094416	-5.404766838	6.48928E-08	6.56994E-06
CRABP1	56.40323525	-2.077731175	0.57044883	-3.642274411	0.00027024	0.008137056
CRB2	297.5235176	-1.763227919	0.314127944	-5.613088394	1.98747E-08	2.18236E-06
CRHBP	387.6995768	-1.94299011	0.323124989	-6.0131224	1.81984E-09	2.36268E-07
CRP	62.77843383	-2.107763029	0.418627499	-5.034936872	4.78006E-07	3.89302E-05
CRYAA	4.363952048	-3.386276652	0.91251991	-3.710907142	0.000206518	0.006683366
CST1	9.87480469	2.226469545	0.446627057	4.985075379	6.19377E-07	4.84761E-05
CTXN2	3.741747347	-1.883000215	0.413713479	-4.551459676	5.3275E-06	0.00032662
CTXN3	242.2503344	-3.265105021	0.503563009	-6.484004907	8.93193E-11	1.49346E-08
CYP17A1	294.309607	-2.260376206	0.334077061	-6.766032361	1.32362E-11	2.58527E-09
CYP1A1	24.37040913	-1.82676025	0.502401069	-3.636059642	0.00027684	0.008256948
CYP1A2	9.36108516	-1.863986456	0.480819702	-3.876684854	0.000105889	0.00402252
CYP27B1	255.8725624	-1.361322392	0.295059061	-4.613728477	3.95509E-06	0.000254644
CYP2B6	100.3100888	-3.103796211	0.454210206	-6.833391606	8.29302E-12	1.67922E-09
CYP4F2	163.8104024	-2.391529775	0.449979967	-5.314747211	1.06805E-07	1.00739E-05
DAB1	37.32850867	-1.206802789	0.268453927	-4.4953814	6.94454E-06	0.000405484
DDN	138.7394392	-4.114516403	0.401780196	-10.2407148	1.3027E-24	1.9168E-21
DEFB1	8339.904141	-1.137716961	0.297012307	-3.830538113	0.000127863	0.004603705
DES	1107.216718	-1.46961614	0.350250613	-4.195898841	2.71792E-05	0.001298422
DIO1	287.2677236	-3.158210409	0.369980365	-8.536156794	1.3876E-17	8.0594E-15
DNER	580.6768846	-2.017573268	0.362109304	-5.571724473	2.5223E-08	2.72891E-06
DPEP1	2371.638106	-2.173404015	0.373786492	-5.814560082	6.07935E-09	7.1371E-07
DPP10	25.10463281	-2.516143902	0.484825781	-5.189789818	2.10532E-07	1.86612E-05
DPP10-AS1	5.019948002	-3.518894162	0.692432421	-5.081931541	3.73616E-07	3.13539E-05
DPP6	199.8120109	-2.971024469	0.377332444	-7.873758316	3.44143E-15	1.35636E-12
DUSP26	42.29790495	-1.172904762	0.29353543	-3.995786007	6.448E-05	0.002650162
DUSP9	949.4780397	-4.529707625	0.482709438	-9.383921818	6.35634E-21	5.3958E-18
EDDM3A	6.411535124	-2.64257787	0.525416519	-5.029491412	4.91783E-07	3.99049E-05
EEF1A2	297.8769494	-1.438111795	0.334777767	-4.295720735	1.74127E-05	0.000912862
EGF	3753.325666	-2.526226607	0.395255889	-6.391369939	1.64406E-10	2.66809E-08
EHF	668.1526378	-3.130766382	0.410251485	-7.631334679	2.32336E-14	8.01231E-12
ELF5	146.7262523	-4.118032273	0.492970877	-8.353500109	6.62694E-17	3.65658E-14
ENPP6	204.9752753	-2.048108317	0.327530468	-6.253184115	4.02168E-10	6.12154E-08
ENTPD3	40.89234113	-1.227344139	0.288705922	-4.251191423	2.12636E-05	0.001073935
EPHA5	3.946815434	-2.019777251	0.481151936	-4.197795119	2.69526E-05	0.001293199
ERFE	87.1551183	-1.02423948	0.238692239	-4.291046433	1.77833E-05	0.000929312
ERICH4	59.06981867	-1.268037216	0.312818682	-4.053585312	5.04386E-05	0.002165818
ERP27	612.871517	-2.06380007	0.28054663	-7.356353099	1.89003E-13	5.4175E-11
ERVMER34-1	163.2795435	-3.108927651	0.361173734	-8.607845356	7.44466E-18	4.6946E-15
ERVV-2	11.14802155	-2.034818812	0.483899597	-4.205043411	2.61032E-05	0.001266206
ESRRB	492.2779252	-3.624279888	0.391355572	-9.260836301	2.02837E-20	1.65808E-17
ETV4	94.7101393	-1.313107355	0.25295038	-5.191165776	2.08981E-07	1.85985E-05
EVX1	10.07887656	1.633555644	0.332728399	4.909576849	9.12731E-07	6.78279E-05
EVX1-AS	1.349989774	2.497309814	0.496763185	5.027163623	4.97788E-07	4.02442E-05
EYA4	251.9891279	-1.539268669	0.281806812	-5.462141445	4.70425E-08	4.94417E-06
EZHIP	5.899879729	1.124632624	0.294497146	3.818823504	0.00013409	0.004776575
F11	272.7832771	-2.67431975	0.387323339	-6.904618135	5.03387E-12	1.06829E-09
F11-AS1	52.5038503	-2.480703678	0.389953577	-6.3615359	1.99746E-10	3.19464E-08
FABP1	416.7544449	-2.970276747	0.429353733	-6.918017753	4.58007E-12	9.91046E-10
FAM133A	7.064161064	-1.266079547	0.319546595	-3.962112464	7.42895E-05	0.002992051
FAM151A	1109.89131	-1.633192605	0.351063193	-4.652132827	3.28519E-06	0.000219056
FAM166A	7.454314294	1.071617301	0.286805773	3.736386794	0.000186683	0.006195925
FAM167A	408.2565681	-1.178409895	0.293115914	-4.020286301	5.81275E-05	0.002425201
FAM180A	85.75823167	-1.276861003	0.275287463	-4.638282421	3.51317E-06	0.00023285
FBN3	71.46899915	-1.795040795	0.423742336	-4.236161088	2.27374E-05	0.001127722
FER1L6	79.28075233	-2.420111911	0.360831632	-6.70703923	1.98613E-11	3.7149E-09
FGF1	1442.723687	-2.621651679	0.298828951	-8.773084627	1.73837E-18	1.23767E-15
FGF9	641.1729225	-2.193143927	0.514250476	-4.264738742	2.00136E-05	0.00101779
FIBCD1	160.0080062	1.338486249	0.36325081	3.684744019	0.000228933	0.00719768
FLJ16779	105.017521	-2.511159602	0.375213545	-6.692614469	2.19218E-11	4.06585E-09
FLRT1	85.65224575	-2.386700643	0.336867693	-7.084979326	1.39065E-12	3.30033E-10
FMN2	67.63662866	-3.042083898	0.40282709	-7.551835455	4.29166E-14	1.35316E-11
FOLR3	76.86411869	-1.807516275	0.396976113	-4.553211684	5.28331E-06	0.00032572
FOXA3	53.15983833	-2.303405623	0.381690275	-6.034750612	1.59208E-09	2.10412E-07
FOXI1	945.0643127	-4.697989904	0.694011844	-6.769322374	1.29387E-11	2.54973E-09
FOXI2	99.36871666	-2.189878735	0.387746088	-5.647713286	1.62596E-08	1.80335E-06
FOXJ1	78.99555093	-1.990875495	0.378917191	-5.254117633	1.48736E-07	1.35093E-05
FOXN1	10.13722107	-1.538954342	0.344449539	-4.467865884	7.90038E-06	0.000458867
FRG2C	22.06669223	-3.275004761	0.421152548	-7.77629098	7.46818E-15	2.74717E-12
FRMD7	39.96641256	-2.693610265	0.583840107	-4.613609497	3.95736E-06	0.000254644
FRMPD4	14.03713811	-1.417799007	0.356034789	-3.982192336	6.82825E-05	0.002770336
FUT3	146.3257838	-1.046133394	0.291030435	-3.594584173	0.00032491	0.009448077
FUT9	21.61989576	-1.574919126	0.438059557	-3.595216903	0.000324121	0.009437578
FXYD4	1581.120726	-6.446891766	0.627254585	-10.27795081	8.85911E-25	1.39664E-21
G6PC	1167.810834	-1.705205489	0.401489011	-4.247203389	2.16455E-05	0.001088243
GABRA2	229.8971918	-5.185674897	0.589757422	-8.792894677	1.45755E-18	1.1093E-15
GABRA4	10.46968556	-1.708895401	0.44405887	-3.84835326	0.000118914	0.00433096
GABRA5	4.962035465	-3.054269046	0.517148828	-5.905976929	3.50563E-09	4.39618E-07
GABRG3	7.885352789	-1.271076257	0.354553487	-3.585005662	0.000337071	0.009750317
GABRP	167.2670422	-1.450362032	0.297530146	-4.87467254	1.08989E-06	7.96523E-05
GADL1	29.309506	-2.501104913	0.392236089	-6.376529291	1.81146E-10	2.9183E-08
GAL3ST2	5.97686064	-1.179136804	0.285173177	-4.134809655	3.55249E-05	0.00158398
GAL3ST3	71.97340468	-3.043593788	0.450881386	-6.750320339	1.47519E-11	2.85605E-09
GAS2L1P2	8.366887298	-1.26542338	0.339291165	-3.729608988	0.000191777	0.006327608
GATA3-AS1	36.24005353	-2.299829208	0.547046371	-4.204084572	2.62141E-05	0.001268797
GC	344.3504912	-1.842353119	0.42978407	-4.286694758	1.81351E-05	0.000941789
GCOM1	15.46503888	-1.438131435	0.315270858	-4.56157427	5.07715E-06	0.000315656
GDNF	30.45803332	-1.606653517	0.321590009	-4.995968387	5.85413E-07	4.61451E-05
GJA3	48.74500113	-1.435536229	0.302902414	-4.739269686	2.1449E-06	0.000150286
GJA8	3.374083224	-1.699910996	0.440133789	-3.8622597	0.000112343	0.004159201
GLB1L3	81.80443444	-2.764680535	0.380065905	-7.274213485	3.48445E-13	9.26569E-11
GP2	76.86726675	-4.684187778	0.595922946	-7.860391693	3.82934E-15	1.48276E-12
GPAT3	1890.358852	-1.002985635	0.262653945	-3.818658182	0.00013418	0.004776575
GPC5	115.1554531	-3.685086297	0.392284167	-9.393920552	5.78075E-21	5.10348E-18
GPR22	7.239679748	-1.346356734	0.363663313	-3.702206648	0.000213732	0.006856524
GREM1	419.2269143	-1.363749745	0.349258946	-3.904695244	9.43442E-05	0.00362765
GRIK5	252.6865651	-1.471557007	0.329497089	-4.466069827	7.96696E-06	0.000461519
GRM1	75.39183034	-2.222540816	0.321983964	-6.902644433	5.10433E-12	1.07293E-09
GSG1L	4.254952332	-1.299571414	0.357389177	-3.636292026	0.000276591	0.008256948
GUCA1C	5.987295689	-1.998683708	0.545453657	-3.664259429	0.000248055	0.007666978
GYG2P1	28.73390831	-2.539920447	0.528001538	-4.810441379	1.50597E-06	0.000107726
HAP1	39.30211703	-1.58388681	0.297967061	-5.315643967	1.06281E-07	1.00675E-05
HCAR2	71.0579044	1.151138489	0.287145498	4.008903148	6.10014E-05	0.002526008
HCN2	56.24840323	-1.060083189	0.246521482	-4.300165563	1.70671E-05	0.000899014
HCRTR2	4.179625823	-3.932773541	0.701563249	-5.60572913	2.0738E-08	2.26588E-06
HELT	4.698327091	-3.098161303	0.683675114	-4.531628021	5.85308E-06	0.000353927
HHATL	57.1573977	-3.367811798	0.507680212	-6.633726745	3.27316E-11	5.68833E-09
HIST1H1E	26.3744719	-1.408389295	0.311975702	-4.514419831	6.34903E-06	0.000378728
HIST1H4C	10.80819508	-1.473098991	0.340482722	-4.326501456	1.51496E-05	0.000807651
HMGA2-AS1	23.7220757	-2.14565354	0.351280015	-6.108100233	1.00824E-09	1.36521E-07
HMGCS2	2992.144312	-1.51989737	0.364812684	-4.16624048	3.09664E-05	0.001420914
HMX2	7.333011514	-4.470000449	0.906242308	-4.932456155	8.1202E-07	6.11676E-05
HNF4A-AS1	25.81476883	-2.291380067	0.416922113	-5.495942753	3.88629E-08	4.12376E-06
HOXB9	785.2689143	-1.237133976	0.320309718	-3.862305465	0.000112322	0.004159201
HP	1728.004365	-1.836664852	0.466767714	-3.93485838	8.32458E-05	0.003292683
HPD	2136.947774	-2.619991208	0.39402349	-6.64932745	2.94435E-11	5.15752E-09
HRG	412.3937747	-5.737188957	0.548365233	-10.46234992	1.28625E-25	2.36574E-22
HS3ST5	5.958874276	-2.069538779	0.416808647	-4.965201169	6.86299E-07	5.29626E-05
HS3ST6	5.58744703	-2.202854812	0.561959568	-3.919952497	8.85664E-05	0.003429385
HS6ST2	389.6117469	-5.47299	0.445501051	-12.28502153	1.09016E-34	1.20305E-30
HSPA2	3145.068322	-1.336087001	0.266098244	-5.021028994	5.13954E-07	4.13996E-05
HSPB6	755.7822801	-1.029999851	0.245844939	-4.189632117	2.79407E-05	0.001323346
HTR3B	5.215066218	-2.647637566	0.638333766	-4.147732279	3.35785E-05	0.001515563
HYAL4	9.865419563	-1.916876679	0.422642522	-4.535456274	5.74791E-06	0.000349007
IFIT1B	6.16673978	-1.538368959	0.320658482	-4.797530847	1.60633E-06	0.000113633
IGF2	2519.409443	-1.111423589	0.268015721	-4.146859693	3.37066E-05	0.001518244
IGFBPL1	3.790088045	-1.646921098	0.357900016	-4.601623425	4.19211E-06	0.00026741
IGFN1	108.9562249	-2.569597501	0.406912138	-6.31487061	2.70388E-10	4.20262E-08
IGSF11	95.00856481	-1.71594091	0.311440742	-5.509686683	3.59473E-08	3.85142E-06
IL11	23.35477899	-1.429332033	0.338520551	-4.222290289	2.41832E-05	0.001188749
IL6	361.9457018	-1.329499485	0.313538205	-4.240310958	2.2321E-05	0.001114799
INMT-MINDY4	2.512386662	-1.235140328	0.327168267	-3.775244885	0.000159851	0.005512596
INPP5J	900.1268043	-1.639234206	0.357670818	-4.583080654	4.58175E-06	0.000288102
INSL6	3.361913205	-1.527755107	0.384846663	-3.969776153	7.19402E-05	0.002908044
INSRR	65.36383904	-1.740688374	0.387130121	-4.496390959	6.91166E-06	0.000405484
INSYN1	331.9687369	-1.917369307	0.308808409	-6.208928428	5.33471E-10	7.79751E-08
IRX1	153.5664155	-3.241274343	0.373082785	-8.687815349	3.69476E-18	2.47112E-15
IRX2	248.5136269	-2.669289851	0.351518037	-7.593607067	3.11121E-14	1.02489E-11
ISX	2.570752001	-2.306403266	0.584503733	-3.945917085	7.94951E-05	0.003167034
ITGB6	2214.566299	-1.367485268	0.256585202	-5.329556261	9.8453E-08	9.48889E-06
ITIH2	49.27151623	-1.098389117	0.237262422	-4.629427234	3.66679E-06	0.000240862
ITLN1	37.33214953	-2.076079689	0.339381021	-6.117253346	9.5202E-10	1.30509E-07
ITLN2	2.838761015	-1.778372535	0.450020775	-3.951756525	7.75797E-05	0.003107551
ITPKA	139.80539	1.304135476	0.289807764	4.500001863	6.79529E-06	0.000400922
IYD	422.9863767	-1.740600315	0.356549468	-4.881791926	1.05126E-06	7.70844E-05
KCNA4	7.375103208	-2.279401671	0.458843081	-4.967715032	6.77464E-07	5.25975E-05
KCND2	41.7018115	1.339136342	0.295278565	4.535162722	5.75591E-06	0.000349007
KCNE1B	10.72545373	-2.992038823	0.507544956	-5.895120791	3.74407E-09	4.66867E-07
KCNIP1	82.55586038	-1.307348731	0.327146392	-3.996219315	6.43621E-05	0.002650162
KCNJ1	3810.275356	-4.562069735	0.474286947	-9.618796728	6.66057E-22	6.39154E-19
KCNJ10	1077.168085	-4.383195224	0.402976501	-10.87704919	1.48286E-27	4.09102E-24
KCNJ13	130.8612413	-1.683142827	0.402207549	-4.184761898	2.85465E-05	0.001343391
KCNK10	79.74376283	-1.030340113	0.28744253	-3.584508228	0.000337714	0.009756131
KCNK15	83.86329988	-1.644258663	0.314172225	-5.233621981	1.6622E-07	1.49741E-05
KCNS2	18.57394701	-1.016835352	0.279587375	-3.636914402	0.000275924	0.008251909
KCTD8	14.47935912	-2.372739781	0.424526147	-5.589148744	2.28185E-08	2.48093E-06
KIAA1549L	153.407997	-1.372676471	0.266628458	-5.14827443	2.62894E-07	2.30251E-05
KIF1A	28.57342489	-2.068426814	0.395211914	-5.233715735	1.66136E-07	1.49741E-05
KIT	2327.206183	-1.919805443	0.259451668	-7.399472337	1.36727E-13	4.19124E-11
KLB	76.38455172	-1.07413257	0.286094713	-3.754464944	0.000173712	0.00588037
KLHL1	2.595039239	-2.340296795	0.575563184	-4.066098842	4.78067E-05	0.002060822
KLHL14	273.9184373	-1.413724234	0.282893376	-4.997374825	5.8116E-07	4.60973E-05
KLHL3	771.3263874	-1.199294074	0.233768001	-5.130274765	2.8932E-07	2.50415E-05
KLK5	10.8316387	-3.073377035	0.576943192	-5.327001129	9.98475E-08	9.53998E-06
KLK6	102.1577352	-4.121704336	0.595561549	-6.92070256	4.49409E-12	9.8207E-10
KLK7	56.18768597	-3.065419674	0.591184632	-5.18521543	2.15765E-07	1.90486E-05
KLRG2	96.4266527	-3.793772296	0.444048153	-8.543605622	1.30097E-17	7.76049E-15
KNG1	8884.374335	-5.992293817	0.579176069	-10.34623863	4.35251E-25	7.38956E-22
KRT23	29.81691721	-1.909599518	0.312526589	-6.11019858	9.95072E-10	1.35569E-07
KRT40	3.520829699	-1.976339701	0.473479461	-4.174076943	2.99197E-05	0.00139174
KSR2	228.7999677	-1.096990744	0.279813964	-3.920428881	8.83915E-05	0.003428628
KY	31.31847213	-1.14262608	0.269613601	-4.23801349	2.25506E-05	0.001120979
L1CAM	2109.325805	-1.878874765	0.378254573	-4.967222862	6.79185E-07	5.25975E-05
LAMB3	2194.463785	1.246521407	0.258982525	4.813148721	1.48571E-06	0.000106811
LAMB4	99.95965102	-1.253436587	0.252565127	-4.962825242	6.94751E-07	5.3428E-05
LCN2	143.590523	-1.72139093	0.371281581	-4.636348844	3.54617E-06	0.000234334
LEFTY1	94.41199217	-1.294488523	0.329843411	-3.924554742	8.68903E-05	0.003388261
LGI2	485.8952759	-1.098104953	0.246372889	-4.457085184	8.30816E-06	0.000477524
LGR5	31.14116803	-2.066188411	0.362013971	-5.707482522	1.14659E-08	1.28459E-06
LHCGR	6.808461463	-1.869450643	0.440082295	-4.247956952	2.15729E-05	0.001087066
LHX1	175.8036255	-2.896342337	0.4812383	-6.018520002	1.76019E-09	2.29877E-07
LHX1-DT	160.1359667	-3.004769673	0.525846012	-5.714162706	1.10245E-08	1.24144E-06
LINC00551	27.64797461	-1.613405864	0.342270885	-4.713827361	2.43107E-06	0.000166634
LINC00626	71.13724454	1.458703451	0.332451951	4.387712105	1.14549E-05	0.000638439
LINC00706	8.401104914	-2.236924519	0.452648917	-4.941853246	7.73835E-07	5.86918E-05
LINC00885	22.46364674	-1.628408937	0.440401016	-3.697559445	0.000217682	0.00693285
LINC00919	2.346088251	-3.401520852	0.84382897	-4.031054837	5.55271E-05	0.002343285
LINC01020	25.54827084	-4.634571697	0.545258596	-8.499768234	1.8997E-17	1.07508E-14
LINC01257	3.034822409	-2.119448197	0.486303475	-4.358283058	1.31087E-05	0.000716143
LINC01411	26.53402776	2.177867511	0.607765875	3.583398809	0.000339152	0.009784076
LINC01529	13.50920559	1.308378415	0.332549605	3.934385709	8.34097E-05	0.003293267
LINC01555	3.894043397	-1.891509292	0.504572563	-3.748735924	0.000177728	0.005979629
LINC01571	17.26486646	-5.03899598	0.665722001	-7.569219545	3.75473E-14	1.20102E-11
LINC01606	80.21282788	-2.599029555	0.610615512	-4.256409315	2.07736E-05	0.001051593
LINC01665	2.079312736	-3.046586724	0.810823275	-3.757399199	0.000171688	0.00585678
LINC01758	2.940280923	-1.856315836	0.464874367	-3.993155931	6.51997E-05	0.002674762
LINC01762	62.88864571	-2.182146431	0.33388793	-6.53556549	6.33696E-11	1.07587E-08
LINC01874	49.28124331	-2.054871312	0.466879772	-4.401285808	1.07611E-05	0.00060649
LINC01924	2.507727515	-2.806091956	0.714729176	-3.926091239	8.63374E-05	0.00337864
LINC01976	6.795834477	-4.46104873	0.662067826	-6.738053946	1.60522E-11	3.05421E-09
LINC01987	4.65058861	-2.451906506	0.571799714	-4.288051295	1.80247E-05	0.000938265
LINC02121	22.800644	-7.104869148	1.064258354	-6.675887601	2.4574E-11	4.44568E-09
LINC02303	18.57876933	-2.868849033	0.619994	-4.627220637	3.70606E-06	0.000242719
LINC02410	2.089709312	-2.634431025	0.557833405	-4.722612522	2.32834E-06	0.00016059
LINC02499	12.12755313	-2.514500365	0.463825262	-5.421223398	5.91925E-08	6.0298E-06
LINGO2	17.17875712	-1.798996155	0.355990218	-5.053498848	4.33789E-07	3.55917E-05
LMO3	177.5863699	-1.188318078	0.283938103	-4.185130721	2.85002E-05	0.001343391
LMX1B	97.1615503	-2.580985224	0.480518107	-5.371254867	7.81906E-08	7.74676E-06
LOC100128006	4.428791661	-1.103452044	0.264452804	-4.172585903	3.01162E-05	0.001395634
LOC100130691	439.9028021	-1.166676856	0.22019911	-5.298281429	1.16898E-07	1.08863E-05
LOC100506444	62.21113518	-3.036280943	0.583232771	-5.205950517	1.93006E-07	1.72463E-05
LOC101926892	21.16799547	-2.363995472	0.388665659	-6.082336887	1.18443E-09	1.58434E-07
LOC101927318	19.79044407	-4.374260347	0.746954504	-5.85612688	4.73786E-09	5.74557E-07
LOC101928516	4.266493854	-2.855879413	0.622441684	-4.588187916	4.4711E-06	0.000282199
LOC101928596	14.33737197	-3.43235274	0.470620736	-7.293245876	3.02575E-13	8.24461E-11
LOC101928844	9.33074825	-1.501838268	0.385225806	-3.898592059	9.67536E-05	0.003707377
LOC102723373	22.49943841	-1.542715924	0.426328292	-3.618610239	0.000296189	0.008762996
LOC105371267	271.0482598	-2.489769801	0.301135226	-8.267946042	1.36287E-16	6.6844E-14
LOC105374428	14.82388027	-3.172623948	0.547629755	-5.793373933	6.89863E-09	7.9776E-07
LOC105375050	5.830512041	-1.626951479	0.36916588	-4.407101439	1.04763E-05	0.000595056
LOC105378013	2.419994065	-2.45007012	0.652333875	-3.755852969	0.000172752	0.005864321
LOC643201	13.17897535	-1.701089461	0.386009111	-4.406863498	1.04878E-05	0.000595056
LRRC2	257.6370579	-1.473799055	0.315822796	-4.666537919	3.06317E-06	0.000205493
LRRTM3	2.86333962	-1.59293375	0.395567931	-4.026953714	5.65042E-05	0.002375434
LSAMP	167.2101642	-2.003851568	0.391681359	-5.116024859	3.12042E-07	2.6591E-05
LTF	3852.080237	-2.066806364	0.34558663	-5.980573856	2.22353E-09	2.85323E-07
LY86-AS1	12.86736082	-1.239633418	0.316038035	-3.922418443	8.76646E-05	0.003408168
LYPD6B	141.8576515	-1.615619811	0.416977618	-3.874596	0.000106802	0.004040747
MAB21L4	150.8545319	-2.270888945	0.449280862	-5.054497393	4.31526E-07	3.55381E-05
MAFA	9.119180121	-1.343453481	0.360215582	-3.729581802	0.000191798	0.006327608
MAPK4	202.3153947	-3.476491351	0.454769096	-7.644519779	2.09727E-14	7.34742E-12
MCCD1	196.8140937	-2.895746722	0.494608918	-5.854618905	4.78105E-09	5.76626E-07
MFSD4A	3578.240029	-2.517177858	0.309500664	-8.133028937	4.18695E-16	1.8482E-13
MGC32805	2.074701109	-2.05051698	0.487975557	-4.20208953	2.64462E-05	0.001276986
MKX	50.12917329	-1.241778878	0.27281691	-4.551693208	5.32159E-06	0.00032662
MLNR	10.3738652	-1.24204175	0.276291566	-4.49540233	6.94385E-06	0.000405484
MOGAT2	17.44235373	-1.694408721	0.446146102	-3.797878572	0.00014594	0.00513722
MRAP2	66.78734632	-1.610048004	0.30171446	-5.336330259	9.48466E-08	9.1814E-06
MRLN	14.69279209	-2.606403973	0.446378986	-5.838993439	5.25171E-09	6.29949E-07
MRO	516.4158345	-1.171365393	0.230971624	-5.071468828	3.94757E-07	3.27575E-05
MT1G	3534.949604	-1.95456443	0.390156011	-5.009699645	5.4515E-07	4.34369E-05
MT1H	616.7260708	-2.731464748	0.445703974	-6.128428079	8.87515E-10	1.23197E-07
MTNR1A	12.07372753	-1.491650634	0.385540458	-3.868985996	0.000109289	0.004088332
MUC15	688.8068817	-5.297330967	0.63957975	-8.282518278	1.20597E-16	6.19001E-14
MUC6	81.02421517	-1.118186465	0.299942987	-3.727996697	0.000193008	0.006358026
MYH1	6.45573243	-1.553329068	0.401539686	-3.868432243	0.000109537	0.004090692
MYH7	6.633474387	-1.418158685	0.384145422	-3.691723511	0.00022274	0.007060832
MYH8	212.3648849	-1.950852781	0.46233472	-4.219567977	2.44771E-05	0.00120052
MYLK3	101.4396957	-1.857891443	0.283233604	-6.559572792	5.39621E-11	9.23255E-09
MYZAP	83.22414282	-1.538277491	0.261369929	-5.88544175	3.96992E-09	4.92248E-07
NAT8L	585.7299738	-3.73874296	0.388557081	-9.622120261	6.44879E-22	6.39154E-19
NCCRP1	44.31934745	-1.089657006	0.277128199	-3.931960054	8.42561E-05	0.003314823
NCOA7-AS1	3.977196314	-3.32695196	0.565381363	-5.884438672	3.99407E-09	4.92476E-07
NDST3	24.92115488	-1.256740745	0.293847596	-4.276845415	1.8956E-05	0.000968469
NEB	1046.393928	1.18241468	0.298693424	3.958623073	7.53831E-05	0.003030565
NELL1	371.3533159	-5.821128136	0.578248826	-10.06682223	7.74398E-24	9.62935E-21
NEU4	43.974937	-1.524280984	0.287168531	-5.307966642	1.10855E-07	1.03673E-05
NEXMIF	133.6875455	-1.370856602	0.331237325	-4.13859339	3.49442E-05	0.001564407
NHLRC4	174.6902605	-1.331258822	0.244572191	-5.443214198	5.23277E-08	5.42218E-06
NIPAL1	327.2828686	-1.013017244	0.26172678	-3.870514302	0.000108606	0.004083548
NKD1	116.224301	-1.370635929	0.248536112	-5.514836117	3.49105E-08	3.75858E-06
NKD2	595.2260893	1.0774679	0.279096135	3.860561882	0.000113127	0.004168309
NKX6-2	1.030157849	-1.678655257	0.425016941	-3.949619639	7.82755E-05	0.003124083
NMRK2	32.93607585	-3.182387202	0.477452526	-6.665347922	2.64039E-11	4.69968E-09
NMUR2	6.098294435	-2.071973767	0.410895251	-5.042583871	4.59287E-07	3.75442E-05
NOS1	195.0437969	-2.482314142	0.337584474	-7.353164427	1.93569E-13	5.47725E-11
NOTUM	11.13196065	-1.331396395	0.339443235	-3.922294679	8.77096E-05	0.003408168
NPAP1	9.941376747	-1.428928334	0.382309101	-3.737625734	0.000185766	0.006174768
NPHS1	342.0382442	-3.124906171	0.44869995	-6.964355954	3.2991E-12	7.28143E-10
NPHS2	603.5390042	-5.413600148	0.684060197	-7.913923621	2.49401E-15	1.00082E-12
NPSR1-AS1	20.2724562	-1.785562513	0.484415047	-3.686017854	0.00022779	0.007171985
NR1I3	57.57128171	-1.041765378	0.211572748	-4.923910993	8.48314E-07	6.36842E-05
NRK	462.8649202	-4.648433037	0.413916373	-11.23036763	2.89272E-29	9.12076E-26
NRXN1	24.10212377	-1.355433273	0.344618034	-3.93314667	8.3841E-05	0.003304385
NT5C1A	5.94390322	-1.687424171	0.401251965	-4.205397896	2.60623E-05	0.001266206
NTNG1	181.442559	-3.147344496	0.435230252	-7.231446984	4.77875E-13	1.25562E-10
OLFM3	7.576956031	-4.236137432	0.633879952	-6.68287018	2.34307E-11	4.30949E-09
OLFM4	82.81333163	-3.356443324	0.441676226	-7.599329847	2.97668E-14	9.95429E-12
ORM1	30.90175639	-1.790689967	0.47497872	-3.770042514	0.00016322	0.005611251
OVCH2	89.73073279	-2.359026745	0.431402846	-5.46826885	4.54452E-08	4.79915E-06
OXGR1	105.5299773	-2.483012283	0.417618938	-5.945641009	2.75377E-09	3.47306E-07
P2RX2	2.988378843	-1.801969974	0.433421145	-4.157549755	3.21679E-05	0.001460861
PACRG	267.1181116	-1.840648902	0.297364649	-6.18987128	6.02134E-10	8.57399E-08
PAH	3383.526427	-1.443784317	0.399966093	-3.609766789	0.000306472	0.009030912
PAK5	11.13361384	-2.439839127	0.556032042	-4.387946991	1.14426E-05	0.000638439
PAPPA	705.8599958	-1.407106096	0.266476548	-5.280412504	1.28893E-07	1.1903E-05
PAPPA2	911.5703745	-1.750274314	0.398264865	-4.394749492	1.10901E-05	0.000622821
PCARE	14.40199352	-4.317307136	0.640326282	-6.742355039	1.5584E-11	2.9909E-09
PCDH15	12.69492101	-2.256225925	0.519453315	-4.343462368	1.40255E-05	0.00075686
PHF21B	21.74049683	-1.259570043	0.33564698	-3.752663125	0.000174966	0.00591374
PIK3C2G	193.0923742	-2.640616096	0.554471636	-4.762400683	1.91303E-06	0.000134896
PITX1	65.24724454	-2.313415974	0.43303158	-5.342372426	9.17379E-08	8.95906E-06
PKHD1L1	29.77042706	-1.182655229	0.294581428	-4.014697178	5.95222E-05	0.002469387
PKP1	684.1806231	1.226485656	0.328082362	3.738346826	0.000185234	0.006166374
PLA2G4F	616.9305303	-2.370839162	0.568378359	-4.171234046	3.02954E-05	0.001398851
PLA2R1	1428.791744	-1.378649898	0.237980702	-5.793116354	6.90922E-09	7.9776E-07
PLAC4	47.46046965	-1.715655583	0.334315539	-5.13184517	2.86915E-07	2.49311E-05
PLCZ1	4.668317713	-1.403747609	0.357642242	-3.925005061	8.67279E-05	0.003387915
PLD5	30.73394373	-1.199602436	0.293379255	-4.08891363	4.33398E-05	0.001890421
PLEKHD1	64.1899929	-1.504857143	0.305864141	-4.920018215	8.65362E-07	6.47437E-05
PLG	2455.048517	-1.785632471	0.476468813	-3.747637665	0.000178508	0.005996723
PLP1	26.55504412	-1.436089844	0.312035553	-4.602327613	4.17795E-06	0.00026728
PLPP4	116.3922967	-1.466080346	0.324630384	-4.516152583	6.29733E-06	0.00037673
PLPPR1	308.5873715	-2.693125659	0.476741473	-5.649027437	1.61358E-08	1.79865E-06
PLXNA4	221.8549411	-1.206122766	0.262385808	-4.596753055	4.29126E-06	0.000272162
PM20D1	76.45175226	-1.266512014	0.296072854	-4.277703937	1.88831E-05	0.0009679
POU3F4	22.38880885	-4.04370216	0.780150499	-5.183233448	2.18072E-07	1.91755E-05
PRDM16-DT	667.8285165	-2.200784184	0.43879975	-5.015463624	5.29057E-07	4.23073E-05
PROC	288.595231	-1.182737197	0.308181939	-3.837788812	0.000124147	0.004484537
PROX1	560.8800804	-2.447928454	0.332622319	-7.359483459	1.84623E-13	5.3616E-11
PROZ	45.17224073	-2.121325605	0.363694243	-5.832717023	5.4532E-09	6.50582E-07
PRR15	304.5797094	-1.744954125	0.305041025	-5.720391636	1.06279E-08	1.20291E-06
PRR35	98.94501679	-5.140425294	0.730284211	-7.038938012	1.93711E-12	4.40761E-10
PSAT1	1815.626837	-1.262420592	0.301199825	-4.191305862	2.77353E-05	0.001316445
PSCA	27.74096763	-1.78031723	0.333544813	-5.337565335	9.4203E-08	9.15927E-06
PSG5	12.1359486	-2.628695649	0.531908825	-4.942004204	7.73235E-07	5.86918E-05
PTCHD1	18.86742992	-1.337374005	0.321054438	-4.16556773	3.10579E-05	0.001422154
PTGDS	1675.656218	-1.29583532	0.286617775	-4.52112685	6.15113E-06	0.000369923
PTGER1	97.38142986	-3.141286558	0.441601903	-7.113389995	1.13227E-12	2.71633E-10
PTH1R	2506.122256	-1.205160015	0.287413975	-4.193115577	2.75149E-05	0.00131117
PTPRO	1172.115819	-1.235703231	0.253979655	-4.865363064	1.14247E-06	8.32192E-05
PTPRQ	21.85234546	-2.377682949	0.436109515	-5.452031814	4.97975E-08	5.20892E-06
PURPL	49.32263623	-1.250214174	0.334382801	-3.73887105	0.000184849	0.006162827
PVALB	501.0703617	-3.093789662	0.49714254	-6.223144096	4.87289E-10	7.26687E-08
RALYL	133.3377356	-4.488870154	0.63469802	-7.07245022	1.52222E-12	3.57413E-10
RAMP1	277.1317833	-1.271416479	0.280705881	-4.52935462	5.91641E-06	0.000356779
RANBP3L	537.2098682	-2.840026538	0.384583549	-7.384680246	1.5282E-13	4.55797E-11
RASD1	3392.093409	-1.26306104	0.237491552	-5.318340928	1.04718E-07	9.96218E-06
RASL11B	367.626	-1.835686814	0.342623523	-5.357737256	8.42707E-08	8.30329E-06
RBP2	15.99697339	-1.903247979	0.316046119	-6.022057739	1.72213E-09	2.26245E-07
RDH12	143.4218025	-1.179804165	0.266403793	-4.42863126	9.4833E-06	0.000543652
RDH8	9.955597812	-2.828577301	0.577304322	-4.899629527	9.60175E-07	7.08764E-05
RHBG	265.4912134	-3.230794992	0.509321185	-6.343335179	2.24844E-10	3.54466E-08
RHCG	2350.578644	-3.953476576	0.521018873	-7.58797192	3.24951E-14	1.05471E-11
RIMBP2	73.10781632	-1.614548914	0.29780956	-5.421413983	5.91294E-08	6.0298E-06
RIPPLY1	24.85317883	-1.276972499	0.264558023	-4.8268145	1.38734E-06	0.000100065
RMST	58.46907077	-1.116247811	0.305974808	-3.64816901	0.000264116	0.008046709
RN7SL2	4372.048335	-1.409508511	0.322576001	-4.369539295	1.24509E-05	0.000685296
RN7SL3	21.6762778	-1.3122559	0.338998146	-3.870982524	0.000108398	0.004082667
RNF212B	42.61863993	-2.06950695	0.316900964	-6.530453308	6.55709E-11	1.10474E-08
RNF223	9.332401038	-1.713016265	0.407701973	-4.201638401	2.6499E-05	0.001276986
ROS1	28.39821561	-2.251413791	0.498883504	-4.512904861	6.39457E-06	0.000380417
RPRM	19.29828096	-2.760227071	0.438420574	-6.29584293	3.05734E-10	4.71878E-08
RSPO1	7.465808819	-1.585686748	0.436911582	-3.62930811	0.000284182	0.008453071
S100A2	757.7720322	-1.691689171	0.288621012	-5.861282102	4.59307E-09	5.63187E-07
SALL3	43.53644302	-4.26036901	0.598090864	-7.123280535	1.05388E-12	2.57962E-10
SBSN	12.82345967	1.782721543	0.48983544	3.639429482	0.000273243	0.008182823
SCARNA5	45.08905106	-1.680059523	0.42151019	-3.985809984	6.72503E-05	0.002738358
SCEL	21.3072923	-1.911222729	0.37778277	-5.059052132	4.21346E-07	3.48297E-05
SCHLAP1	2.619521201	-2.131576002	0.589200073	-3.617745653	0.00029718	0.008780542
SCN7A	56.01929925	-2.554155679	0.41188668	-6.20111259	5.60654E-10	8.08771E-08
SCNN1B	1116.1658	-1.917323131	0.40653896	-4.716210055	2.40278E-06	0.000165208
SCNN1G	2009.344875	-3.379087861	0.506923534	-6.665872925	2.63097E-11	4.69968E-09
SCUBE3	373.9336141	-1.009572122	0.198373045	-5.089260595	3.59462E-07	3.02813E-05
SERPINA5	3311.883694	-2.957509451	0.400754482	-7.379853706	1.58464E-13	4.66327E-11
SERPINC1	24.88938862	-1.010036386	0.280380378	-3.602378997	0.000315318	0.009266828
SERPIND1	20.20532403	-1.201203155	0.283284708	-4.240268254	2.23253E-05	0.001114799
SEZ6L	33.49853751	-1.389443952	0.299853508	-4.633742532	3.59114E-06	0.000236597
SFRP1	4054.34063	-3.259603153	0.396853974	-8.213608442	2.14639E-16	1.00793E-13
SFTA2	21.942797	-1.906064155	0.381452468	-4.996858889	5.82717E-07	4.60973E-05
SGCZ	4.717130771	-3.291041757	0.707607635	-4.65094156	3.30423E-06	0.000219662
SHISA3	1079.088311	-1.368604774	0.290562546	-4.71018991	2.47486E-06	0.000168622
SHISAL1	211.2070119	1.062160809	0.290944301	3.650735917	0.00026149	0.007982498
SHOC1	91.50921246	-1.17549344	0.306037826	-3.841007023	0.000122531	0.004440678
SIAH3	35.80996099	-2.068192304	0.355293093	-5.821087849	5.84658E-09	6.93763E-07
SIM2	373.3933124	-2.364959002	0.294991883	-8.017030761	1.08332E-15	4.59807E-13
SLC12A1	21038.35908	-6.923868102	0.541794445	-12.77951106	2.13407E-37	4.7101E-33
SLC12A3	2571.48581	-5.469431502	0.473937834	-11.54039857	8.25419E-31	4.55445E-27
SLC13A1	2067.807989	-1.489489129	0.351673518	-4.235431596	2.28113E-05	0.001128853
SLC13A2	229.7048709	-4.688543197	0.468152186	-10.01499797	1.30965E-23	1.52133E-20
SLC13A3	2216.571734	-2.448199314	0.40421593	-6.056662131	1.38975E-09	1.84778E-07
SLC14A1	1101.877105	-1.092059436	0.25530365	-4.277492452	1.8901E-05	0.0009679
SLC14A2	115.3079891	-2.72097621	0.393489089	-6.914997868	4.6787E-12	1.00256E-09
SLC1A7	161.9823687	1.168844707	0.309572541	3.775673076	0.000159576	0.005511746
SLC22A13	128.2664947	-2.268680424	0.363748214	-6.236952753	4.46177E-10	6.69902E-08
SLC22A7	439.1011272	-2.034882136	0.387040948	-5.257537086	1.45997E-07	1.33153E-05
SLC22A8	1080.443808	-4.29883319	0.48926273	-8.786349184	1.54499E-18	1.13665E-15
SLC24A2	26.34584584	-1.879385537	0.447864513	-4.196326077	2.7128E-05	0.001298422
SLC26A4	172.4103552	-1.430293315	0.254195328	-5.626749033	1.83638E-08	2.02653E-06
SLC28A2	37.57545731	-1.274002447	0.270516306	-4.70952182	2.48299E-06	0.000168622
SLC30A2	363.1909993	-1.677877655	0.356637424	-4.704715608	2.5422E-06	0.000172113
SLC30A8	51.73909479	-2.918225367	0.417967846	-6.981937468	2.91137E-12	6.55681E-10
SLC34A1	1136.080756	-3.108754531	0.432952443	-7.1803603	6.95279E-13	1.76385E-10
SLC34A3	207.1021958	-1.845147373	0.340052601	-5.426064573	5.76101E-08	5.94165E-06
SLC36A2	350.4402367	-4.847974867	0.45445399	-10.66769127	1.44164E-26	2.89258E-23
SLC38A3	79.8387413	-1.564022354	0.377400288	-4.144200218	3.41002E-05	0.001532841
SLC47A2	504.0038899	-1.699740096	0.331613729	-5.125662628	2.96493E-07	2.54626E-05
SLC4A11	382.0023747	-2.259776566	0.294869201	-7.663657511	1.80711E-14	6.43303E-12
SLC4A9	276.8737752	-2.114865182	0.449817522	-4.70160694	2.58122E-06	0.000174221
SLC5A11	70.20482061	-1.142465816	0.310436063	-3.680196837	0.000233054	0.007285743
SLC5A2	243.092774	-2.960013954	0.370533168	-7.9885263	1.36561E-15	5.68688E-13
SLC5A7	11.95030764	-2.197355288	0.413957464	-5.308166848	1.10733E-07	1.03673E-05
SLC6A15	13.07270771	-1.803550644	0.435419486	-4.142099065	3.44142E-05	0.001543811
SLC6A17	136.4904835	-1.658997616	0.272093949	-6.097149994	1.07976E-09	1.45314E-07
SLC6A2	11.62770175	-3.069310919	0.531238692	-5.777649414	7.57514E-09	8.66275E-07
SLC7A13	44.0867277	-3.875833505	0.580405577	-6.677801967	2.42552E-11	4.42428E-09
SLC7A4	13.96834892	-1.302018174	0.321441741	-4.050557249	5.10958E-05	0.002189778
SLC7A8	3825.176616	-2.032437141	0.284962064	-7.132307753	9.86999E-13	2.44765E-10
SLC9A4	422.1060631	-4.413487075	0.592915006	-7.443709516	9.78966E-14	3.04321E-11
SLCO1A2	74.19976151	-3.631852226	0.423273723	-8.58038671	9.45547E-18	5.79699E-15
SLITRK6	30.86230753	1.678374002	0.384240427	4.368030758	1.25372E-05	0.000688329
SMCO3	83.97502261	-1.225603077	0.249264249	-4.916882711	8.79332E-07	6.55667E-05
SMIM18	4.44579033	-1.290010899	0.337956108	-3.817095971	0.000135032	0.004799169
SMOC1	266.5030421	-1.456406279	0.332782311	-4.376453412	1.20626E-05	0.000665584
SNHG28	4.184651159	-1.702433032	0.462176901	-3.683509561	0.000230045	0.007212096
SNORA2B	1.950160977	-1.89070048	0.51242904	-3.689682536	0.000224534	0.007099845
SNORA53	41.37087982	-2.37938606	0.380707952	-6.249898509	4.10719E-10	6.2089E-08
SNORA54	11.51515609	-2.819015416	0.52689462	-5.350245204	8.78351E-08	8.61604E-06
SNORD17	87.88669894	-1.339895968	0.328518934	-4.078595878	4.53085E-05	0.001964645
SOST	84.93737748	-4.648606092	0.533625831	-8.711358831	3.00254E-18	2.07091E-15
SP7	2.979852706	1.407408505	0.323858459	4.345751873	1.38799E-05	0.000754542
SPINK13	398.476804	1.247616186	0.331588202	3.76254697	0.000168192	0.005763664
SPSB4	37.01473382	-1.898257767	0.298793219	-6.353081808	2.11043E-10	3.35104E-08
SPTBN2	3039.769233	-1.663441627	0.382906333	-4.344252058	1.39751E-05	0.000756438
SSTR5-AS1	34.15261447	-1.941240303	0.431320841	-4.500687461	6.7734E-06	0.000400793
ST6GALNAC5	25.39044985	-1.306958459	0.298131102	-4.383838019	1.16606E-05	0.000645018
ST8SIA5	147.3090196	-1.463020413	0.302701794	-4.833206953	1.34351E-06	9.72217E-05
STAP1	230.1326271	-1.569839825	0.344707819	-4.554117256	5.2606E-06	0.000325229
STEAP3-AS1	22.07528443	1.044757769	0.246505677	4.238270626	2.25248E-05	0.001120979
STRA6	209.1973013	-2.405467792	0.350062226	-6.871543439	6.35109E-12	1.31005E-09
SYBU	1480.368845	1.002374079	0.234944093	4.266436609	1.9862E-05	0.001012411
SYNGR3	78.46905582	-1.36783615	0.266689111	-5.128953879	2.91357E-07	2.51193E-05
SYT1	90.32725407	-1.10728475	0.258799859	-4.27853691	1.88126E-05	0.0009679
SYT14	27.68313451	-1.805699705	0.475637501	-3.796377916	0.000146826	0.005151969
TACR3	8.990185673	-3.181292365	0.554563992	-5.736564959	9.6616E-09	1.09918E-06
TACSTD2	4627.045531	-2.113728871	0.329819382	-6.408746687	1.46721E-10	2.39872E-08
TAFA4	2.713356274	-1.639481792	0.430691492	-3.806626837	0.000140875	0.004982778
TAGLN3	56.87429249	-3.211379383	0.388715678	-8.261512366	1.43838E-16	6.90142E-14
TARID	31.35360372	-1.100031748	0.256375513	-4.290705202	1.78107E-05	0.000929312
TBL1Y	30.99840386	-1.439030341	0.311573068	-4.61859669	3.86344E-06	0.000252278
TCEAL2	136.1925567	-3.073101968	0.425871453	-7.216031847	5.35265E-13	1.3737E-10
TCF21	532.4055927	-1.280147919	0.277783741	-4.608433579	4.05714E-06	0.000260306
TCF24	10.42578232	-3.090119284	0.497233462	-6.214624562	5.14475E-10	7.56999E-08
TDGF1	306.4457299	-4.690252894	0.4357346	-10.76401298	5.09041E-27	1.1235E-23
TDGF1P3	7.445948245	-4.3707024	0.689633328	-6.337719222	2.33191E-10	3.65019E-08
TFAP2B	320.8176395	-3.8243114	0.517600301	-7.388541683	1.48448E-13	4.48821E-11
TGM7	2.70095787	-2.100112306	0.578619508	-3.629522122	0.000283946	0.008453071
TMEM207	71.23648618	-6.149716822	0.913784739	-6.729940389	1.69733E-11	3.20185E-09
TMEM238L	47.51996931	-3.609267957	0.441709507	-8.171134867	3.05502E-16	1.37607E-13
TMEM35A	48.78675983	-1.057166358	0.286644339	-3.688076877	0.000225955	0.007134566
TMEM38A	562.4202741	-1.032085925	0.225757049	-4.571666442	4.83861E-06	0.000302529
TMEM52B	2022.388447	-4.182723302	0.387514625	-10.79371727	3.68573E-27	9.03864E-24
TMEM72	2551.357763	-1.240539831	0.297162127	-4.17462294	2.9848E-05	0.00139174
TMPRSS4	298.3591515	-1.886945441	0.405517604	-4.653177618	3.26858E-06	0.000218609
TNFAIP8L3	232.4025779	-1.146479205	0.228456706	-5.018365296	5.2113E-07	4.1825E-05
TNMD	63.05832521	-1.488014132	0.314934584	-4.72483559	2.30302E-06	0.000159842
TNNC1	84.52369645	-2.264290053	0.309915571	-7.306151302	2.74903E-13	7.67835E-11
TNNI1	154.2619146	-1.33678802	0.361340066	-3.699528912	0.000216	0.006909184
TNNI2	43.03711732	1.060367939	0.200912671	5.277755436	1.30776E-07	1.20265E-05
TNNT2	111.0318638	-3.083655304	0.386784508	-7.972540875	1.55445E-15	6.35337E-13
TNS4	92.63730798	-1.70513546	0.285617429	-5.969997935	2.37257E-09	3.02687E-07
TRIM63	25.79120204	-1.113522062	0.276466953	-4.027685951	5.63285E-05	0.00237257
TRPM6	143.09079	-1.123985187	0.251791723	-4.463948116	8.04631E-06	0.000464895
TRPV5	23.12867426	-3.19550263	0.415092583	-7.698288918	1.379E-14	4.9895E-12
TRPV6	136.9448566	-3.075680384	0.354202369	-8.683398684	3.84115E-18	2.49347E-15
TTPA	14.31811733	-2.507167323	0.388692447	-6.45025995	1.11658E-10	1.83911E-08
TYRP1	143.6317673	-3.079576267	0.499025908	-6.171175117	6.77843E-10	9.52909E-08
UCA1	12.44353528	-1.677367786	0.412975315	-4.061665972	4.87238E-05	0.002096261
UGT2A1	18.27009413	-2.419890514	0.626530231	-3.862368321	0.000112293	0.004159201
UGT3A2	43.33975897	-1.490939269	0.330137597	-4.516114739	6.29845E-06	0.00037673
UMOD	57776.02182	-7.91732498	0.687549991	-11.51527173	1.10511E-30	4.87816E-27
UNC13C	60.58498669	-2.061884802	0.35456411	-5.815266536	6.05373E-09	7.1371E-07
UNC5D	287.9177142	-1.457815408	0.375149782	-3.88595563	0.000101928	0.003878717
UNCX	7.671866733	-4.882941856	0.776288756	-6.290110241	3.17241E-10	4.86237E-08
UPP2	201.8596331	-2.048138287	0.309270441	-6.622483153	3.53214E-11	6.09046E-09
USP44	48.44416002	-1.199896119	0.233806657	-5.132001517	2.86677E-07	2.49311E-05
VAT1L	328.6546482	-1.921543748	0.311777098	-6.163197233	7.12906E-10	9.95858E-08
VGLL1	26.36485958	-3.366369257	0.708181047	-4.753543277	1.99882E-06	0.000140497
VSTM2A	5.305454194	-2.613630682	0.543357748	-4.810147076	1.50819E-06	0.000107726
VTCN1	581.4981747	-3.881234404	0.401675686	-9.662607274	4.34658E-22	4.60918E-19
VTN	110.7611446	-1.498673369	0.277860852	-5.393611071	6.90556E-08	6.8965E-06
VWA2	46.80733437	-1.48568151	0.300351034	-4.94648376	7.5566E-07	5.79103E-05
VWA5B1	56.83084857	-1.695949903	0.400754049	-4.231897115	2.31728E-05	0.001144178
VWC2	26.54440167	-1.576558375	0.392492972	-4.016781156	5.89985E-05	0.002456896
VWDE	59.92264969	-1.176497433	0.327078995	-3.596982534	0.00032193	0.009411111
WDR49	8.848947372	-1.439349603	0.288713557	-4.98538974	6.1837E-07	4.84761E-05
WFDC12	7.167111866	-1.73992016	0.483675295	-3.597289709	0.00032155	0.009411111
WFDC3	57.7768003	1.075099323	0.217811993	4.935905082	7.97799E-07	6.03021E-05
WNK4	1033.879728	-1.231781626	0.292884262	-4.20569415	2.60282E-05	0.001266206
WNT7A	23.31900583	-1.554158494	0.373212858	-4.16426835	3.12353E-05	0.001427315
WNT7B	91.28543325	-2.510172323	0.377225159	-6.654307809	2.84636E-11	5.02577E-09
WNT8B	15.83760826	-2.060040215	0.331922022	-6.206398128	5.42127E-10	7.8719E-08
WNT9B	76.53749911	-2.010239527	0.291744523	-6.890410502	5.56316E-12	1.15834E-09
WSCD2	84.60896953	-2.123411812	0.312271217	-6.799896042	1.04695E-11	2.10065E-09
XKR4	44.07171074	-2.063415704	0.33719972	-6.11926873	9.40058E-10	1.29675E-07
XPNPEP2	786.7809872	-2.842086083	0.389087399	-7.304492751	2.78315E-13	7.67835E-11
ZNF488	30.87381435	-2.255928161	0.312600526	-7.216648642	5.32844E-13	1.3737E-10
ZNF536	10.90310532	-1.393284967	0.335835932	-4.148707256	3.34358E-05	0.001512217
ZNF750	35.26120969	-1.042564523	0.228380952	-4.565023972	4.99437E-06	0.000311386
ZNF804B	23.42154066	-2.907648757	0.528296973	-5.503814911	3.7166E-08	3.96275E-06
