"baseMean" "log2FoldChange" "lfcSE" "stat" "pvalue" "padj"
"hsa-let-7a-1" 21840.3024340347 -0.0337663349529276 0.105959843581097 -0.318671053219179 0.749975967292031 0.915511203315947
"hsa-let-7a-2" 21795.4830084644 -0.0306147574466216 0.106001850778006 -0.288813423746123 0.772724159003979 0.924046047710706
"hsa-let-7a-3" 21923.7405431431 -0.0285999750847597 0.105578430948256 -0.270888427000553 0.786476846274566 0.930144070042447
"hsa-let-7b" 36462.5977777766 0.0207948211027001 0.0965643071426937 0.215346867988929 0.829496891310769 0.945287374243962
"hsa-let-7c" 5260.60615393867 -0.0142178870275578 0.111570310907584 -0.127434322911717 0.898596651924906 0.968636873772657
"hsa-let-7d" 1436.88920119602 0.0522718290608951 0.0613106128818923 0.852573911821606 0.393895634920214 0.688682045570181
"hsa-let-7e" 3211.30135873516 -0.168405340987562 0.130603977062286 -1.28943501396782 0.197246895281775 0.520698019813066
"hsa-let-7f-1" 12218.6171656614 -0.18882835102251 0.185791904226573 -1.01634326753137 0.309465951383763 0.63396830536224
"hsa-let-7f-2" 12421.3259589678 -0.192351403956779 0.186704765183971 -1.03024367785817 0.302895630837237 0.63396830536224
"hsa-let-7g" 1723.28998686184 -0.196015135575716 0.103060767268274 -1.90193747602786 0.0571793290686552 0.250517410153702
"hsa-let-7i" 1293.23323531281 0.0660331854112644 0.0756390264604853 0.873004168631928 0.382660805561845 0.675819561608221
"hsa-mir-1-1" 17.4639784373651 -0.552398297905558 0.22191229654489 -2.48926403135941 0.0128007861607002 0.0991146585585643
"hsa-mir-1-2" 18.6387101580435 -0.512364923994179 0.221252202299442 -2.31575061703 0.020571888962023 0.132737664493053
"hsa-mir-100" 12438.2997136365 0.535458487109067 0.148114711399215 3.61516072273091 0.000300161343405342 0.00739488400571344
"hsa-mir-101-1" 16907.3729663269 0.106192626592644 0.1041022318486 1.02008021064413 0.307690421288398 0.63396830536224
"hsa-mir-101-2" 16954.0208861066 0.108730607495212 0.103643662238583 1.04908110295175 0.294140792610191 0.627713238713276
"hsa-mir-103a-1" 14897.7825453645 -0.0044590655020805 0.091221288596922 -0.0488818517109937 0.961013451807497 0.982772246942761
"hsa-mir-103a-2" 14907.6685582057 -0.00245788352585853 0.0912145878831185 -0.0269461670868704 0.978502670860547 0.9950252300308
"hsa-mir-106a" 47.23235349297 -0.150526037431206 0.123924550389265 -1.214658733547 0.224496277748553 0.550574581627674
"hsa-mir-106b" 810.516088049203 0.0737601253251529 0.0819266879295895 0.90031865304435 0.3679506972606 0.672837666315987
"hsa-mir-107" 129.407851442597 -0.0584291188748768 0.0749799878761863 -0.779262847726252 0.43582489514011 0.72237643170012
"hsa-mir-10a" 104016.776381761 0.0511131354521739 0.173657118269908 0.29433366142084 0.768502953141636 0.924046047710706
"hsa-mir-10b" 554230.663951065 0.0630917902092498 0.136465208245749 0.462328757785888 0.643845579870819 0.855304667377412
"hsa-mir-1180" 21.0187533769403 0.0340827918940774 0.153818004717721 0.221578689416915 0.824641873512484 0.942944927096553
"hsa-mir-122" 69.106107939274 -0.159992973037693 0.299371401914321 -0.534429715111807 0.593044264804123 0.817888019144617
"hsa-mir-1224" 0.564680455889568 -0.380106358845222 0.394610626669968 -0.963244102301186 0.335425037602593 0.656319026644784
"hsa-mir-1226" 2.27204157464853 -0.134096478740049 0.182111452369492 -0.736342920751497 0.461522032013604 0.730836231831657
"hsa-mir-1228" 2.01123825185426 0.0277571043020309 0.235002986205461 0.118113836552541 0.905977460212995 0.968636873772657
"hsa-mir-1229" 2.05857934001843 -0.00257773797492489 0.240214852961517 -0.0107309683108473 0.991438090385193 0.996956298680473
"hsa-mir-1245a" 1.18415881706444 -0.167339538965618 0.307791518474555 -0.543678200734604 0.586662935976145 0.817888019144617
"hsa-mir-1247" 27.8810866089371 0.638322579387414 0.297241414712691 2.14748870040337 0.0317543958146911 0.171213244859313
"hsa-mir-1248" 3.21420259349592 -0.090426404982884 0.239964951339641 -0.376831718457486 0.706298667497963 0.890259784176895
"hsa-mir-1249" 3.71251747842387 -0.161007331854396 0.165391107322042 -0.973494491096732 0.330307596837513 0.653250370450284
"hsa-mir-1251" 23.4770323484354 -0.738197891123936 0.360897960151862 -2.04544766840276 0.0408107434874249 0.202930485964993
"hsa-mir-1255a" 0.756609772936597 -0.198125479685394 0.285273471728642 -0.694510704009152 0.48736199041935 0.748300846479568
"hsa-mir-1258" 0.753635494091044 -1.41607457462584 0.798440615987291 -1.77355027571441 0.0761375687865739 0.290546821525843
"hsa-mir-125a" 2549.24114059567 -0.109474862899292 0.0976516837412526 -1.12107501586319 0.262255932421022 0.607447501590573
"hsa-mir-125b-1" 700.178001633576 -0.106381572188124 0.120090193364091 -0.885847288675725 0.375699823629665 0.675819561608221
"hsa-mir-125b-2" 740.63141291978 -0.103588877440359 0.115871501739847 -0.89399788459578 0.371323022989614 0.672837666315987
"hsa-mir-126" 30551.3877502971 0.186248183849422 0.115134320453606 1.61765999152678 0.10573589265467 0.351588060238228
"hsa-mir-1262" 2.62307622979186 0.0591020204337925 0.194522658711345 0.303831033491553 0.761256622400141 0.920984574421599
"hsa-mir-1266" 11.7763302145245 -0.10965885455154 0.158706363059067 -0.690954366528626 0.489594218906857 0.749474340480335
"hsa-mir-1269a" 656.894835006401 0.226089747314541 0.514660065486895 0.439299184988539 0.660444764669406 0.866733807386968
"hsa-mir-1269b" 22.1586318645227 -3.00071529659091 0.762274223575755 -3.93652993081 8.2668313774896e-05 0.00448062260659937
"hsa-mir-127" 518.343989454948 -0.428364482289344 0.176806447502078 -2.42278767737986 0.0154019256342038 0.114354023201897
"hsa-mir-1270" 43.7336692961271 0.443822658055951 0.195272805851988 2.27283392646264 0.02303618972926 0.141881986741579
"hsa-mir-1271" 27.5248320666169 -0.0159998977259689 0.165834521501576 -0.0964811040614172 0.923138480682447 0.968636873772657
"hsa-mir-1275" 0.597016565511667 0.158812358094202 0.36129246287263 0.439567315718374 0.660250517287024 0.866733807386968
"hsa-mir-1277" 5.0151219614991 0.235859266007606 0.159476923928843 1.47895545134069 0.139152221534175 0.432849754064886
"hsa-mir-128-1" 115.79627602725 -0.234196691545058 0.10394375509453 -2.25310978357547 0.0242522277520092 0.146052304906544
"hsa-mir-128-2" 79.1764805831678 -0.0157304711360111 0.113913571291606 -0.138091282343724 0.890168275451512 0.968636873772657
"hsa-mir-1287" 50.2324802405079 0.0941205087373808 0.0897221873677154 1.0490215575289 0.29416819674017 0.627713238713276
"hsa-mir-1288" 0.86369226798849 0.0790957979053484 0.24614566697577 0.321337356359535 0.747954749984728 0.915511203315947
"hsa-mir-129-1" 8.10608023063702 -1.48647957042658 0.397752902183308 -3.73719352459061 0.000186085697889801 0.00650083957484878
"hsa-mir-129-2" 8.12171252185624 -1.13279544573181 0.383275935843911 -2.95556109787477 0.00312100874078506 0.035241390364698
"hsa-mir-1291" 2.60747803215725 0.23593168788231 0.219568117866228 1.07452616607139 0.282586923763553 0.620443653116082
"hsa-mir-1292" 1.01382864600947 -0.0850370512221482 0.236732420860551 -0.359211682595178 0.719436737638251 0.899435943163116
"hsa-mir-1293" 2.44549143476641 -0.407981165394507 0.449279823480771 -0.908078093144034 0.363836963719834 0.671396245208821
"hsa-mir-1295a" 2.09923302894676 0.197832497346647 0.245950334350488 0.804359538152646 0.421189361880253 0.712678659079649
"hsa-mir-1296" 9.37607226611773 -0.0839723225273068 0.152462641223137 -0.550773106471433 0.581789222122658 0.814805577236384
"hsa-mir-1301" 26.4213378080594 0.0681845324257798 0.0946550675759414 0.720347406345419 0.471311123349457 0.730836231831657
"hsa-mir-1304" 0.724121966612961 -0.993624708539216 0.445047432497653 -2.2326265381712 0.0255735825408932 0.152317381727078
"hsa-mir-1306" 14.9923309304005 0.0225992531863516 0.0996214507022978 0.22685127577479 0.820539390594373 0.942229554453708
"hsa-mir-1307" 2276.92129023195 -0.0555840251828356 0.0912221758202945 -0.609325799160226 0.542308509812882 0.775544095827394
"hsa-mir-130a" 255.716839127204 0.0103680008289578 0.106595260991188 0.0972651197862816 0.922515855004995 0.968636873772657
"hsa-mir-130b" 33.4832917806041 0.130642073421586 0.120179722978029 1.08705587085992 0.277012118745195 0.617630505727926
"hsa-mir-132" 141.914203412455 -0.142936477848207 0.098160373252823 -1.45615255027666 0.145350453205032 0.437666364650706
"hsa-mir-133a-1" 10.0788786435188 -0.480752943181833 0.209286956041149 -2.2970994097086 0.0216130994470661 0.136212789538486
"hsa-mir-133a-2" 9.22173531556809 -0.431239263742627 0.214322659881876 -2.01210298519207 0.0442090820716398 0.213073908135903
"hsa-mir-133b" 1.65272176927231 -0.644957987397234 0.313156170898263 -2.05954104479955 0.0394424372917964 0.197992241696855
"hsa-mir-134" 273.138064357376 -0.329918798840173 0.178256449346358 -1.85080988682283 0.0641969082229104 0.26560858211311
"hsa-mir-1343" 0.734694384315058 -0.367556804372272 0.27997153003438 -1.31283635992251 0.18923809509579 0.510283818616508
"hsa-mir-135a-1" 22.7245434646887 -0.497047571248018 0.303876427749181 -1.63568979314934 0.101904526744085 0.340939836390704
"hsa-mir-135a-2" 24.9590346462458 -0.473353391195343 0.311204895521926 -1.52103452743401 0.128251172976745 0.406503717856116
"hsa-mir-135b" 39.0522274499943 -0.38018416485887 0.202295169548609 -1.87935364797486 0.0601962209224402 0.258939299523513
"hsa-mir-136" 35.3501366663738 -0.652924610287636 0.194932406370638 -3.34949238274003 0.000809597817440833 0.0142760755091967
"hsa-mir-138-1" 3.95969051959072 -0.118842327826255 0.404069355397362 -0.29411368676891 0.768671032658406 0.924046047710706
"hsa-mir-138-2" 2.92070192245713 -0.253449095992666 0.37797720271371 -0.670540694446684 0.502513173831002 0.751561446181104
"hsa-mir-139" 345.166246120665 -0.396801180723154 0.157099964160637 -2.52578785006862 0.0115439168475135 0.0948000444144294
"hsa-mir-140" 3873.49764990445 0.0699183126334879 0.107569879638922 0.64998039291465 0.515704886785678 0.752707968665497
"hsa-mir-141" 208.135259642343 -2.41116681264132 0.396968376685557 -6.073951866829 1.24800149816832e-09 2.60318483089855e-07
"hsa-mir-142" 7865.54061647414 0.14214189683613 0.168876626545961 0.841690764100174 0.399961069339245 0.692445373905421
"hsa-mir-143" 194400.775143914 -0.0981293013741759 0.140335172591209 -0.699249515016615 0.48439611130873 0.745859921390147
"hsa-mir-144" 1043.2356374798 -0.28559121751978 0.228480320912557 -1.24995980563718 0.211314230629783 0.537761094028994
"hsa-mir-145" 6790.90860929581 -0.0692843295656368 0.134849987474968 -0.513788179464963 0.607400093146051 0.83134053152818
"hsa-mir-1468" 30.7005782661462 0.056026695583155 0.146087056519286 0.383515808436858 0.701337351229655 0.88814215973475
"hsa-mir-146a" 234.914905330353 -0.0226317252599875 0.150827986668981 -0.150049906252855 0.880725241436438 0.968261827299289
"hsa-mir-146b" 1961.36167688055 -0.187555562795399 0.196445748791142 -0.954744828786316 0.339706753775056 0.656787216980087
"hsa-mir-147b" 0.813801798032278 0.413697378554926 0.328614539320174 1.25891380037769 0.208061468603706 0.534451734517577
"hsa-mir-148a" 68823.8061271304 -0.0350689860484261 0.133139769092013 -0.263399781204292 0.792242459225646 0.930144070042447
"hsa-mir-148b" 493.77741770733 -0.140333057005404 0.0822591319817945 -1.70598757395669 0.0880103931713237 0.311775379731094
"hsa-mir-149" 30.7006760723231 -0.203720265832493 0.198162866408984 -1.02804460555207 0.303928845960516 0.63396830536224
"hsa-mir-150" 979.291953463486 -0.274423290472173 0.154321468290549 -1.7782573838366 0.075361592127577 0.290546821525843
"hsa-mir-151a" 4056.97496230749 0.0310295021209519 0.067993596807239 0.456359180540488 0.648131713808266 0.856798509473366
"hsa-mir-151b" 10.4811343690973 -0.0837902579166242 0.131222084600627 -0.63853777488476 0.523123672409114 0.754486812919041
"hsa-mir-152" 589.431047852237 0.0270306952103839 0.108675107857104 0.248729407712448 0.803570099500047 0.930144070042447
"hsa-mir-153-1" 1.6596647400507 -0.0196055269308874 0.27359328823347 -0.0716593855700039 0.942872978648 0.970176742843108
"hsa-mir-153-2" 25.4673822481287 -0.152162351953495 0.19354162309356 -0.786199627353225 0.431750544378117 0.720027061701353
"hsa-mir-1537" 0.787368031495033 0.466321032833303 0.30072620872775 1.55064979140368 0.12098563289515 0.388013094847168
"hsa-mir-154" 6.12095378774951 -0.644978319373417 0.249020360076748 -2.5900625923705 0.00959584825283334 0.0874302059626097
"hsa-mir-155" 1672.57679451984 -0.0567308388116546 0.208386616072089 -0.272238399379878 0.785438717989493 0.930144070042447
"hsa-mir-15a" 362.976268176289 0.0810360637593011 0.0768846433532318 1.05399544336827 0.291885003318226 0.627713238713276
"hsa-mir-15b" 366.666030238719 -0.199053805258395 0.0903776661813147 -2.20246675610161 0.0276323548986172 0.159326982500537
"hsa-mir-16-1" 913.637379312922 -0.0346606660004985 0.0930686176899136 -0.372420552285208 0.709579754177894 0.890259784176895
"hsa-mir-16-2" 919.882966398656 -0.0385398728399571 0.0938669145001276 -0.410579947633249 0.68138056982924 0.880194873868282
"hsa-mir-17" 983.207438679016 0.0517283849908839 0.0715025934867104 0.723447674670685 0.469404890259744 0.730836231831657
"hsa-mir-181a-1" 2154.23070167335 -0.0149352283112132 0.0949649445000124 -0.157270963404936 0.875031303303266 0.965152319843207
"hsa-mir-181a-2" 3832.22419076671 0.0922745069906739 0.0851864955025321 1.08320581151189 0.278717080789353 0.617630505727926
"hsa-mir-181b-1" 438.288070284214 -0.0112608347774276 0.109278269448064 -0.103047338087464 0.91792540053916 0.968636873772657
"hsa-mir-181b-2" 399.685080423911 -0.0154254757388742 0.112772273102387 -0.136784293820781 0.891201298661188 0.968636873772657
"hsa-mir-181c" 134.940918436819 0.421658717377845 0.141965506972368 2.97014906205292 0.00297655279294693 0.0343253534846221
"hsa-mir-181d" 30.305820970801 0.221646998241352 0.154386865279968 1.43565968412801 0.151099202481419 0.449976745851258
"hsa-mir-182" 17039.9894851574 -0.593313938144088 0.24980269503156 -2.37513025257445 0.0175427584466859 0.124423201409868
"hsa-mir-183" 4131.63410870662 -0.586086370631223 0.240019808234289 -2.44182500995555 0.014613228008355 0.110005133062895
"hsa-mir-184" 4.34602326299167 -3.2174916205369 0.611943038268583 -5.2578286201938 1.45766263731131e-07 1.97513287355682e-05
"hsa-mir-185" 124.439220084139 -0.19976172497736 0.105239806514144 -1.89815747096145 0.0576753413213815 0.250517410153702
"hsa-mir-186" 711.789149512848 -0.0121597847156626 0.0661712245919402 -0.183762425293602 0.854199834367028 0.952626152730307
"hsa-mir-187" 49.0607542211796 -1.27263193911889 0.347552296893824 -3.66169911835648 0.000250548015598151 0.00650083957484878
"hsa-mir-188" 12.1205276718962 -0.379670299257797 0.197177110439494 -1.92552927878666 0.0541631766741152 0.240626571781725
"hsa-mir-18a" 18.1558687977146 0.147697357619604 0.131179851020987 1.12591496689513 0.260201513573288 0.605275623848592
"hsa-mir-18b" 1.19029294315746 0.0989764181643 0.250489392649277 0.395132173532322 0.692745345710799 0.887654273036926
"hsa-mir-190a" 36.3449494009796 0.0888184322098241 0.12346548532903 0.71937863422419 0.471907657600405 0.730836231831657
"hsa-mir-190b" 0.59738299999985 -0.177241005065837 0.360214051064201 -0.492043562826613 0.622688547993899 0.837631512497332
"hsa-mir-191" 1064.09035016419 -0.0794915430879103 0.0795359508627765 -0.999441664123149 0.317580785167904 0.642271587914193
"hsa-mir-192" 26645.3647842691 -0.0554357857935284 0.193071799934334 -0.287125234303419 0.774016431108229 0.924046047710706
"hsa-mir-193a" 573.370894613475 0.113794356919629 0.0986096955976131 1.15398750832756 0.248505290286804 0.59111739065447
"hsa-mir-193b" 126.886946590001 0.0757682333706839 0.185967259274317 0.407427811036992 0.683693804240861 0.880194873868282
"hsa-mir-194-1" 3721.67899183002 0.0526846628859257 0.182217172403957 0.289131162507172 0.772481007264824 0.924046047710706
"hsa-mir-194-2" 4126.65167523193 0.0451465191210158 0.182739411728121 0.247054090270273 0.804866363191711 0.930144070042447
"hsa-mir-195" 158.78529044771 -0.0709643638007837 0.137544948717143 -0.515935804714427 0.605899245918196 0.83134053152818
"hsa-mir-196a-1" 429.949781543247 -0.0971977062836087 0.114592977923668 -0.848199497427787 0.396326877097797 0.690704718286193
"hsa-mir-196a-2" 564.272726409998 -0.105575227933458 0.105978531516994 -0.99619447846877 0.31915566167723 0.643057132450033
"hsa-mir-196b" 3130.35458153859 -0.062111040710682 0.175922987687606 -0.353058128031427 0.724044862994242 0.902143254581332
"hsa-mir-197" 654.282285220124 -0.0521873774472196 0.0770678613424939 -0.677161355435776 0.498303583810534 0.751561446181104
"hsa-mir-1976" 20.1454295798054 -0.000328698389502046 0.105226167858503 -0.00312373239652748 0.997507626202039 0.997507626202039
"hsa-mir-199a-1" 1227.20055926123 -0.317016719667597 0.163180647560312 -1.94273478140493 0.0520482114892473 0.2350844218931
"hsa-mir-199a-2" 2029.16886761658 -0.31277514538303 0.161778932061217 -1.93334905477479 0.0531932126110209 0.238270423431185
"hsa-mir-199b" 2422.72294658658 -0.326864836916029 0.163034972157776 -2.00487559564649 0.0449763482866217 0.213073908135903
"hsa-mir-19a" 51.1041534241297 0.140093048916038 0.122195247644916 1.14646888169604 0.251601195843753 0.59111739065447
"hsa-mir-19b-1" 121.818637634475 -0.0319671577963308 0.0892501722669594 -0.358174746158615 0.720212544894451 0.899435943163116
"hsa-mir-19b-2" 111.999077753719 -0.063144521996503 0.0937918460836575 -0.673241061277132 0.500793942256965 0.751561446181104
"hsa-mir-200a" 790.500777749115 -0.207170465749761 0.154917393385127 -1.33729635661202 0.181125919803922 0.498326134688962
"hsa-mir-200b" 643.68655821281 -0.325935856308486 0.175659800936723 -1.85549485181244 0.0635255937143693 0.264852859947601
"hsa-mir-200c" 1083.06597750944 -2.23015605663232 0.368569336705891 -6.05084534856986 1.44087721267448e-09 2.60318483089855e-07
"hsa-mir-202" 0.666238137417733 -0.301979210485575 0.443786063137312 -0.680461230239534 0.496212462265297 0.751561446181104
"hsa-mir-203a" 1592.94867848286 -0.560297783583533 0.228074604147183 -2.45664257832914 0.0140242139241091 0.107058083758692
"hsa-mir-203b" 17.4527243764831 -0.901686464066858 0.390348684978916 -2.30995133009238 0.0208908487940075 0.13320988289826
"hsa-mir-204" 995.075520213984 -0.461219714740538 0.246003266558645 -1.87485199360387 0.0608130879735836 0.259533021115609
"hsa-mir-205" 8.24396053052152 -2.03927135228476 0.430042877485136 -4.74201866616253 2.11599122049092e-06 0.000229373448301216
"hsa-mir-206" 2.95588514723692 -1.62354607286215 0.511851122852782 -3.1719107380548 0.00151439546609772 0.0219802696654934
"hsa-mir-20a" 434.196532084288 0.0134993132528081 0.104934278781365 0.128645409389381 0.897638233324721 0.968636873772657
"hsa-mir-20b" 71.0073700259608 -0.606323972480239 0.163899356898332 -3.69936761165174 0.000216137348137999 0.00650083957484878
"hsa-mir-21" 471753.110331495 0.125301122141559 0.146508179361532 0.855250011894274 0.392412754709133 0.688309750978479
"hsa-mir-210" 7786.56685179391 0.199456959359939 0.182911723098271 1.09045476135381 0.275512870638161 0.617630505727926
"hsa-mir-211" 2.2933082803763 -0.815744236476298 0.349258044082775 -2.33564910041976 0.0195095373181405 0.129665111536222
"hsa-mir-2110" 3.27070089119598 -0.0626772053176784 0.153519965398265 -0.408267453390052 0.683077331066834 0.880194873868282
"hsa-mir-2114" 3.5726250537821 0.0544495907030664 0.255809463195116 0.212852136207078 0.831442296585203 0.945287374243962
"hsa-mir-2116" 1.445655233994 -0.0759623134901704 0.218593305989489 -0.347505213603489 0.728211802387314 0.902513990415137
"hsa-mir-212" 7.61973851901045 -0.210701569458845 0.142726747232814 -1.47625846972573 0.139874518487728 0.432849754064886
"hsa-mir-214" 21.4776595122744 -0.0812816682212582 0.187034472875261 -0.43458121367534 0.663866433618105 0.869119823722253
"hsa-mir-215" 226.433384394281 0.279521219626777 0.235735749824026 1.18573962513296 0.235725140865926 0.567835672663698
"hsa-mir-216a" 3.84853097014006 -0.731527682405456 0.355207485523477 -2.05943768703914 0.0394523286038013 0.197992241696855
"hsa-mir-216b" 1.00816322788001 -1.52915642546659 0.677863292222434 -2.25584781328565 0.0240801637601698 0.146052304906544
"hsa-mir-217" 138.368874317822 -0.660505038472999 0.285072669074326 -2.31697075913226 0.0205053246813316 0.132737664493053
"hsa-mir-218-1" 54.5300526281937 -0.876434778391916 0.227094981286804 -3.85933133980202 0.00011369769488017 0.00560219551136839
"hsa-mir-218-2" 51.6076335023281 -0.910832998165076 0.222247476310167 -4.0982827489745 4.16226647914729e-05 0.00322278347385404
"hsa-mir-219a-1" 4.49951573519655 0.206600834582132 0.146184971343188 1.41328368219952 0.157572329938 0.459162380787074
"hsa-mir-22" 184678.856648035 -0.0533726628660766 0.0988129907803036 -0.540138117919566 0.589101784893723 0.817888019144617
"hsa-mir-221" 347.69441295496 -0.201196790930863 0.207272162913955 -0.970688915010676 0.331703213522795 0.653250370450284
"hsa-mir-222" 180.122382981001 -0.146590603252774 0.191109737980727 -0.767049365467482 0.443052165414686 0.723258954938981
"hsa-mir-223" 319.765843322101 0.499546898777558 0.157012398461641 3.18157612820366 0.00146476021076036 0.0219802696654934
"hsa-mir-224" 92.8051641286189 -0.0529707924651913 0.198208111323058 -0.267248358866882 0.789277944699058 0.930144070042447
"hsa-mir-2277" 4.1448185706668 0.222086471126355 0.173338733833428 1.28122818376977 0.200113529445545 0.521449677689833
"hsa-mir-2355" 168.685333774918 0.258551484038109 0.103722151742891 2.49273158812799 0.0126764633201972 0.0991146585585643
"hsa-mir-23a" 7207.89200973415 0.0607745446265325 0.0799006620243428 0.760626296287966 0.446880308625084 0.723258954938981
"hsa-mir-23b" 3569.10162998944 -0.0881300112805151 0.0964322179775974 -0.913906297384853 0.360766084384078 0.66964115663072
"hsa-mir-23c" 0.797306700050291 0.310815369914541 0.410335811374552 0.75746586405258 0.448770809480144 0.723258954938981
"hsa-mir-24-1" 1522.30725093955 -0.112769305370456 0.0665526312371737 -1.69443796998168 0.090182089476234 0.317394107117655
"hsa-mir-24-2" 1516.32480297374 -0.107647558461644 0.0668313482409753 -1.61073450251963 0.107237602182342 0.35225927504745
"hsa-mir-25" 12466.4664826863 0.076258224064533 0.0817231416093529 0.933128885684022 0.350753426582252 0.66239845716927
"hsa-mir-26a-1" 1961.73606361237 -0.192624090468612 0.0755276085168528 -2.55037984455222 0.0107605608899972 0.092574984164738
"hsa-mir-26a-2" 1953.71226205702 -0.189267843808903 0.0751731856900925 -2.51775739010417 0.0118104641065788 0.0955413663547119
"hsa-mir-26b" 2142.59784054042 -0.136751158991873 0.0791496993954243 -1.72775335896953 0.0840324526267158 0.303637262157866
"hsa-mir-27a" 2044.70877935381 -0.066308284255534 0.0793050375186776 -0.836116926871352 0.403089126697841 0.693569227524538
"hsa-mir-27b" 2579.07032818457 -0.24440270598915 0.102151120179139 -2.39256021432314 0.0167312824421997 0.12091140111563
"hsa-mir-28" 9107.55037155723 -0.0150035739525086 0.0707958130670181 -0.211927419186578 0.832163659003373 0.945287374243962
"hsa-mir-296" 11.5131757446012 -0.0769047126400198 0.225145118776351 -0.341578414215648 0.732668184100849 0.902513990415137
"hsa-mir-299" 1.96597308162305 -0.669024516233372 0.286693327153097 -2.33358942420068 0.0196172308966239 0.129665111536222
"hsa-mir-29a" 14405.7664263766 -0.333273940833127 0.107872504704967 -3.08951703443464 0.00200482209560965 0.0265027701419617
"hsa-mir-29b-1" 873.43869005347 -0.150553422997343 0.112478961959394 -1.33850295534994 0.18073253759912 0.498326134688962
"hsa-mir-29b-2" 1001.58265458332 -0.131125644212181 0.103220604614276 -1.27034369448022 0.203962230254487 0.528935544487712
"hsa-mir-29c" 4257.23521857491 -0.173477197434803 0.102819104545151 -1.6872078219532 0.0915633978868494 0.318124113170977
"hsa-mir-301a" 35.1034213669723 0.101152238666326 0.106118520180241 0.95320061469497 0.340488435020306 0.656787216980087
"hsa-mir-301b" 1.88128477180308 0.237530561221908 0.23437990402097 1.01344252278837 0.310848837045955 0.63396830536224
"hsa-mir-3064" 0.611766067613592 -0.0116482713786229 0.26719499681016 -0.0435946462983322 0.965227519277375 0.985222816286888
"hsa-mir-3065" 66.5059554384021 -0.411125748649518 0.228989868371279 -1.79538837929251 0.0725918426442828 0.289683270931172
"hsa-mir-3074" 22.7973914225012 -0.0413246892394311 0.119975491874106 -0.344442757382436 0.730513338061674 0.902513990415137
"hsa-mir-30a" 461384.265544052 -0.0874579121394477 0.112829498204897 -0.775133396238505 0.438260839459225 0.722819429183957
"hsa-mir-30b" 1820.50550520671 -0.37859988833652 0.144489266223117 -2.6202630702816 0.00878619596288832 0.0832305222468806
"hsa-mir-30c-1" 2952.21798177807 -0.249998319685288 0.124624068979327 -2.00601955731969 0.0448541614293426 0.213073908135903
"hsa-mir-30c-2" 3442.83664860533 -0.239603309151179 0.120425830852312 -1.989633847285 0.0466312847771496 0.217880658182889
"hsa-mir-30d" 25384.2426900419 0.073915362423056 0.0999391229930507 0.739603872931682 0.459540390970859 0.73041317274547
"hsa-mir-30e" 48305.887378588 -0.0486296864113319 0.0908682032071198 -0.535167249873843 0.592534210527502 0.817888019144617
"hsa-mir-31" 43.9475938832033 -0.0772650368003273 0.300782361054866 -0.256880212421211 0.797271246333478 0.930144070042447
"hsa-mir-3117" 1.31905396023484 -0.360131557903 0.298974512808536 -1.20455604900886 0.228374732369904 0.555098165961962
"hsa-mir-3127" 7.76899483928726 0.123678311736912 0.121656937304163 1.01661536512049 0.309336441871441 0.63396830536224
"hsa-mir-3130-1" 5.61445487791956 0.0455209864159709 0.176171698249816 0.258389893883074 0.796106015363857 0.930144070042447
"hsa-mir-3130-2" 5.7226047454797 -0.0421981645525982 0.16785249897111 -0.251400275904508 0.801504654413887 0.930144070042447
"hsa-mir-3136" 0.874031513272537 -0.0224321467093732 0.277244771116093 -0.0809109820865839 0.935512746160909 0.968636873772657
"hsa-mir-3150b" 0.686136485820349 -0.350641992167205 0.342275958941243 -1.02444236297472 0.305626381338191 0.63396830536224
"hsa-mir-3157" 0.925076338161208 -0.173421717349813 0.271777777400203 -0.638101168567743 0.523407825936456 0.754486812919041
"hsa-mir-3158-1" 0.672304141274409 0.169000507536669 0.267942570171632 0.630734068977598 0.52821441897253 0.759395795976422
"hsa-mir-3161" 0.569319683886882 -0.190051961072111 0.492048758987919 -0.386246195322234 0.699314344256028 0.887654273036926
"hsa-mir-3170" 13.897109385781 0.142928400446916 0.150572189804709 0.949235052185223 0.34250107768175 0.656787216980087
"hsa-mir-3173" 0.786577482276207 -0.0240540057123078 0.275044210647492 -0.0874550518830459 0.930309811884202 0.968636873772657
"hsa-mir-3190" 0.794966604647108 0.194347618911406 0.287294514361914 0.676475216879984 0.498738975788533 0.751561446181104
"hsa-mir-3191" 1.39298765497539 0.223385646469971 0.235272787397375 0.949475070793772 0.342379045159297 0.656787216980087
"hsa-mir-3193" 0.588379363687565 -0.078100031808013 0.323434571206362 -0.241470883946363 0.809190180144734 0.93315122901797
"hsa-mir-3194" 0.600556247484984 0.239811988532568 0.288812974910148 0.830336616999896 0.40634849070727 0.695382305785476
"hsa-mir-3199-1" 0.693128867210232 -0.195237936297216 0.27022706208695 -0.722495869915482 0.469989663683424 0.730836231831657
"hsa-mir-3199-2" 1.91790103017712 -0.180665341932249 0.178374691785596 -1.01284178895404 0.311135736579992 0.63396830536224
"hsa-mir-32" 64.1548743926785 0.0624900830797395 0.0959681453337908 0.651154431112429 0.514946802805163 0.752707968665497
"hsa-mir-3200" 4.14986307231369 -0.120779524639351 0.185214673096775 -0.65210559519895 0.514333054831623 0.752707968665497
"hsa-mir-320a" 1410.70852290927 0.0946219097319932 0.120994903002752 0.782032196264014 0.434195652362352 0.721883569265014
"hsa-mir-320b-1" 5.92981962052639 -0.00196509413962098 0.151348955138862 -0.0129838632702684 0.989640667021839 0.996956298680473
"hsa-mir-320b-2" 9.34609279493305 0.1225831219268 0.137432624602475 0.891950672421286 0.372419372499624 0.672837666315987
"hsa-mir-320c-1" 1.29675872159882 0.40105075276572 0.204893899965136 1.95735818798882 0.0503053707187027 0.231063651945228
"hsa-mir-320c-2" 1.30430169081579 0.0192072503220587 0.227821568711966 0.0843083050944242 0.932811309403139 0.968636873772657
"hsa-mir-320d-1" 1.30369020820796 0.288092200410144 0.248111488550576 1.16114010718782 0.245584926610739 0.588969160278852
"hsa-mir-320d-2" 1.23772726066039 -0.0385297671512282 0.264573718733377 -0.145629608774772 0.884213792739512 0.968636873772657
"hsa-mir-320e" 0.636065121150072 0.186258455208486 0.319688283939165 0.582625215142166 0.560145627137772 0.798786428352807
"hsa-mir-323a" 3.32223842127871 -1.30742989759646 0.321460736186389 -4.06715268902509 4.75910619584314e-05 0.00322429444768372
"hsa-mir-323b" 6.3111008312662 -0.851609591417343 0.270189927437536 -3.15189244652439 0.00162216012291464 0.0219802696654934
"hsa-mir-324" 80.7432236373859 -0.00552903192559767 0.088147932130727 -0.0627244654746737 0.949985915118659 0.973331504715148
"hsa-mir-326" 13.128121284176 -0.131705871149669 0.141679422500638 -0.929604799518969 0.35257574152554 0.663527958009871
"hsa-mir-328" 169.182176443821 -0.0742147999504721 0.0930540622816426 -0.797544976874297 0.425134592382358 0.713383743254606
"hsa-mir-330" 41.2103711918922 0.163427842697359 0.103181231764386 1.58389117771482 0.113218485375605 0.36745161121903
"hsa-mir-331" 77.3691412582323 -0.118132260903617 0.106096242833844 -1.11344433835063 0.265517641429923 0.612385368744759
"hsa-mir-335" 76.5140759191395 -0.248474843964619 0.199087025679874 -1.24807150599637 0.212004872021122 0.537761094028994
"hsa-mir-337" 29.970123272703 -0.496748231384439 0.187955781867071 -2.64289944395409 0.00821994434441386 0.0810038151758602
"hsa-mir-338" 865.040893658961 0.165441648173665 0.112261074446691 1.47372229411743 0.140556377703727 0.432849754064886
"hsa-mir-339" 96.617671336623 -0.17513528544904 0.127232573334043 -1.37649723541495 0.168667742644002 0.478317242155101
"hsa-mir-33a" 33.9195525920271 -0.651183648385718 0.198498470481827 -3.28054743598307 0.00103605840920849 0.0170810551590227
"hsa-mir-33b" 7.10490118298535 0.242953008651642 0.220669114955484 1.10098329211432 0.27090392891933 0.614351169348438
"hsa-mir-340" 55.7229937394516 -0.157872206625019 0.108064891776448 -1.46090190837933 0.14404236283598 0.436688925984117
"hsa-mir-342" 373.507067972113 0.103011306182016 0.11548230300305 0.892009455156907 0.372387864463443 0.672837666315987
"hsa-mir-345" 25.4116193531512 -0.136010973923842 0.125686229189589 -1.08214698460464 0.279187221223878 0.617630505727926
"hsa-mir-34a" 582.859527825589 0.17407743566002 0.105006743737317 1.65777386731931 0.0973631178510957 0.331891886008137
"hsa-mir-34b" 2.05218147404866 -0.990832966863202 0.326053550317948 -3.03886575041739 0.00237470651486174 0.0292520666148878
"hsa-mir-34c" 7.23851388515961 -0.909824297990213 0.242994192890974 -3.74422239134921 0.000180953324757132 0.00650083957484878
"hsa-mir-3591" 1.11750966861312 -0.176093435836802 0.31013526009091 -0.567795599201405 0.570173768410734 0.806877761040778
"hsa-mir-3605" 16.5264175727962 0.0845228961241958 0.123086435187765 0.686695459132102 0.492274659060884 0.749474340480335
"hsa-mir-3607" 457.197664763525 -0.119205501243792 0.160382655110823 -0.7432568139081 0.457326212347522 0.729031785565755
"hsa-mir-3609" 1.22261160441376 -1.15793550672894 0.442700368568519 -2.61561902573776 0.00890658725151121 0.0832305222468806
"hsa-mir-361" 657.285857489293 0.00695191846248689 0.0622633270570894 0.111653501203247 0.911098149368746 0.968636873772657
"hsa-mir-3610" 0.938191177762788 0.263706862121416 0.267846888487116 0.984543309839869 0.324848447636757 0.652103180070823
"hsa-mir-3613" 41.6333839738469 0.1764298333007 0.119995095035329 1.47030870927479 0.1414781633298 0.433226918218936
"hsa-mir-3614" 2.14075703597307 0.203085590271761 0.209628734502189 0.968786987881379 0.332651480155495 0.653250370450284
"hsa-mir-3615" 4.62730102420105 -0.333929096289838 0.189137856573438 -1.76553283588778 0.077474256694832 0.290546821525843
"hsa-mir-362" 65.4222997359971 -0.643760571769042 0.223112255931502 -2.88536624346932 0.00390958553089954 0.0419236866274046
"hsa-mir-363" 35.1588285022182 -0.666921877000228 0.180656652982435 -3.69165411840699 0.000222800323868992 0.00650083957484878
"hsa-mir-3651" 1.23412721740454 -0.482071805031852 0.368928849651534 -1.3066796090552 0.191321546755603 0.513347912581866
"hsa-mir-3652" 1.22404268615125 0.188720839856796 0.243734095150341 0.7742898659311 0.43875939520576 0.722819429183957
"hsa-mir-3653" 68.2705100247506 -0.817674614133716 0.222808860408112 -3.66984783565613 0.000242694892698655 0.00650083957484878
"hsa-mir-365a" 162.54603301708 0.126788099017668 0.129464810082448 0.979324798274718 0.327419521311469 0.652431546142706
"hsa-mir-365b" 162.880517848881 0.125867581154045 0.128854116925244 0.976822348851049 0.328657109776832 0.652498730765725
"hsa-mir-3664" 1.84633801798269 0.0329660328672527 0.211247282692133 0.156054233915504 0.875990272346398 0.965152319843207
"hsa-mir-3677" 8.76005246478173 0.296699718982715 0.15637234775505 1.89739249453159 0.0577761554782524 0.250517410153702
"hsa-mir-3678" 1.6964392070017 0.275037994745683 0.223043050138405 1.23311618351261 0.217532420380758 0.543329824176824
"hsa-mir-3682" 0.883099695128307 -0.129505266588086 0.259637529350443 -0.498792554805463 0.617925533113104 0.837289097368256
"hsa-mir-369" 9.29812704442149 -0.572484753621385 0.217648993658085 -2.63031197158085 0.00853065448446595 0.0825645487603669
"hsa-mir-3690-1" 1.84768225508544 0.217788859590471 0.259350452459159 0.839747367029434 0.40105004972958 0.692445373905421
"hsa-mir-370" 6.2256483197265 -0.482559097091259 0.188862303371005 -2.5550842517435 0.010616209818632 0.092574984164738
"hsa-mir-372" 0.680818713973926 -0.585442719371644 0.582961800793719 -1.00425571379556 0.315255373904747 0.639956601709261
"hsa-mir-374a" 2102.26579308499 0.11266524552394 0.0888838519503638 1.26755583890375 0.204956610882056 0.528983252847974
"hsa-mir-374b" 163.80487172396 -0.0192067227303046 0.102242839219427 -0.187853964902954 0.850991130861965 0.952388575679035
"hsa-mir-374c" 7.25799215361416 0.29226804574732 0.407549383985163 0.717135290181079 0.473290622459246 0.730836231831657
"hsa-mir-375" 327.092709045578 -1.13410989466462 0.315126378895605 -3.59890498104041 0.000319559913310499 0.00753049882670827
"hsa-mir-376a-1" 1.55893483251646 -0.696313670141707 0.330645499082104 -2.10592211923261 0.035211117953969 0.186273058375763
"hsa-mir-376a-2" 0.775929737651196 -0.346427254723685 0.456711174403098 -0.758525900261693 0.448136213785467 0.723258954938981
"hsa-mir-376b" 1.79429010190747 -0.735065974947973 0.335860234154411 -2.18860674827621 0.0286254349217276 0.161614434662253
"hsa-mir-376c" 6.14081808278595 -0.611855939845011 0.277751774270643 -2.20288760153451 0.0276026717077286 0.159326982500537
"hsa-mir-377" 3.05431739007195 -0.62034047091168 0.294871245835893 -2.10376725324016 0.0353987546359844 0.186273058375763
"hsa-mir-378a" 1139.63560035482 -0.218962657533712 0.127157605252791 -1.72197846207006 0.0850734201490921 0.305362872323231
"hsa-mir-378c" 28.6637661421804 -0.0400737445861973 0.160947245413715 -0.248986830953133 0.803370968072985 0.930144070042447
"hsa-mir-378d-1" 0.969381752032352 -0.0778190298394559 0.296607383305611 -0.262363765096416 0.793041005696172 0.930144070042447
"hsa-mir-378d-2" 1.47283860293362 0.292703486182343 0.235120159571793 1.24491020555372 0.213164759067542 0.537761094028994
"hsa-mir-379" 369.505347320245 -0.524447718245432 0.185965816674252 -2.8201296755741 0.00480042461160028 0.0500351949901414
"hsa-mir-381" 20.9378982348023 -0.47865945229686 0.191861016378629 -2.49482391645547 0.0126019648480114 0.0991146585585643
"hsa-mir-382" 11.5383176982173 -0.384458798962827 0.1858321649197 -2.06884959408914 0.0385602028768586 0.197992241696855
"hsa-mir-3909" 0.781394591622152 0.252572382436126 0.281858482695479 0.896096438257655 0.370201259181459 0.672837666315987
"hsa-mir-3912" 2.21286038440794 -0.0805162916533985 0.193496145649168 -0.416113155036092 0.677327204215343 0.880194873868282
"hsa-mir-3913-1" 2.18049552621332 -0.195466676753575 0.176690727604086 -1.10626448486624 0.268612059031567 0.614294244705103
"hsa-mir-3913-2" 2.13023230868943 -0.0545714884871524 0.167400065952833 -0.325994426445021 0.744428572047275 0.914921283559237
"hsa-mir-3917" 1.31265829395967 0.311654078646839 0.239179879273028 1.30301127165918 0.192570913431345 0.514154852609799
"hsa-mir-3920" 0.559830309602148 -0.00502451566321366 0.369588694176141 -0.0135948846444395 0.989153185556982 0.996956298680473
"hsa-mir-3922" 1.27232126110812 0.328691687285648 0.241100790527265 1.36329576757849 0.172789315384484 0.480265686863539
"hsa-mir-3926-1" 0.669372710940878 -0.320420714078644 0.341545403142559 -0.938149689998614 0.348167488799172 0.662129048874215
"hsa-mir-3926-2" 0.801840306275829 -0.472168604477424 0.331448538017373 -1.4245608301723 0.154284189438852 0.454467558020966
"hsa-mir-3928" 4.19523189295658 -0.354191709346032 0.165078304707403 -2.14559817520435 0.0319050511638204 0.171213244859313
"hsa-mir-3934" 2.31891092642579 0.112807401824821 0.203311564450332 0.554849903053006 0.578997330366051 0.814805577236384
"hsa-mir-3937" 0.747070746203017 -0.00429792228156755 0.721882580760334 -0.00595376920861658 0.995249607534696 0.997507626202039
"hsa-mir-3940" 1.85359041831535 -0.117859638649904 0.288803575146484 -0.408096189910822 0.683203057154284 0.880194873868282
"hsa-mir-3941" 3.12397273062342 0.11050937996126 0.204712382256945 0.539827531402348 0.589315978523933 0.817888019144617
"hsa-mir-409" 38.0688384004631 -0.510922869166966 0.201529781004426 -2.53522266843402 0.0112375869978493 0.0942771464195102
"hsa-mir-410" 6.34139104386135 -0.695730980468195 0.213196992003501 -3.26332456161845 0.00110113335984744 0.0175533612069798
"hsa-mir-411" 5.46307151284352 -0.878589787341845 0.259591454289633 -3.3845096701896 0.000713055071757864 0.0137777896116276
"hsa-mir-412" 5.15490109954672 -0.251289162794911 0.302867767385579 -0.829699261047467 0.406708839361616 0.695382305785476
"hsa-mir-421" 4.8825792484384 0.145113155376293 0.133823064071673 1.08436581080353 0.278202636386775 0.617630505727926
"hsa-mir-423" 390.596817793522 0.0116042009977295 0.0568076243796897 0.204271893507984 0.838141032612473 0.946956321896762
"hsa-mir-424" 1188.67823081587 0.0969319796507597 0.147499166200899 0.657169678632184 0.511071819761916 0.752707968665497
"hsa-mir-425" 273.737162591132 0.127374029727228 0.145722314690467 0.874087335201798 0.382070694013082 0.675819561608221
"hsa-mir-429" 102.156515524097 -0.426113917428849 0.192123221170487 -2.21791991011187 0.0265602937072255 0.156474773796916
"hsa-mir-431" 9.51436239991214 -0.492291881095977 0.203800602264426 -2.41555655688025 0.0157111823215589 0.115073794841688
"hsa-mir-432" 7.08679365396407 -0.555265660169677 0.215357790153401 -2.57834025773647 0.00992761889676029 0.0882093351154767
"hsa-mir-4326" 8.17623469894171 0.400623298348227 0.223215274619276 1.79478442517675 0.0726880532225818 0.289683270931172
"hsa-mir-433" 1.24120468653801 -0.554799699889838 0.310998332271881 -1.78393143087604 0.074434807854735 0.290546821525843
"hsa-mir-4423" 0.919691181463563 -0.102050308299403 0.370371362621904 -0.275535094228064 0.782905167539579 0.930144070042447
"hsa-mir-4444-1" 0.763605284035059 -0.0809481094272122 0.2623900582471 -0.308502959174547 0.757699648885926 0.920791949991416
"hsa-mir-4444-2" 1.43923166787251 -0.111002866135205 0.207028964311358 -0.53617070685947 0.591840576632003 0.817888019144617
"hsa-mir-4461" 1.45142971114675 -0.435598071673075 0.357850096058221 -1.21726409038662 0.223503752320543 0.550574581627674
"hsa-mir-4473" 1.79394055085014 0.0837905718438373 0.215761344133899 0.388348395678503 0.697758227470088 0.887654273036926
"hsa-mir-4484" 1.84685425188941 -1.44744647153869 0.446049640942904 -3.24503449544076 0.00117436396713552 0.0181858648624987
"hsa-mir-4501" 0.678685695216475 -0.00293814449189182 0.789755714695482 -0.00372032064753684 0.997031620441547 0.997507626202039
"hsa-mir-450a-1" 23.4205122866056 0.154965875933237 0.141577729049517 1.0945639329971 0.273707723855948 0.617630505727926
"hsa-mir-450a-2" 23.3619245302458 0.192302653410896 0.144727838523593 1.32871916952969 0.183940638129128 0.503514272050441
"hsa-mir-450b" 81.650978359146 0.341658292754549 0.144334542562445 2.36712769298959 0.0179267464827392 0.124423201409868
"hsa-mir-451a" 3066.86334933557 -0.2037555833544 0.233463274053671 -0.872752188455811 0.38279816496997 0.675819561608221
"hsa-mir-452" 177.721177901823 -0.0586069774424198 0.167608594758594 -0.349665704952847 0.7265895943006 0.902513990415137
"hsa-mir-4521" 1.764546585004 -0.280634520034742 0.244953387574407 -1.14566498881138 0.251933795647938 0.59111739065447
"hsa-mir-4536-1" 0.602136164497165 -0.128764170414164 0.301259683741472 -0.42741919136005 0.669074031587874 0.873826807519585
"hsa-mir-4536-2" 0.660283348468775 0.0668730332921858 0.267861420909444 0.249655336946763 0.802853900539988 0.930144070042447
"hsa-mir-454" 24.8684289529187 0.173617722460574 0.101723773922099 1.70675659943105 0.0878673022930366 0.311775379731094
"hsa-mir-455" 1725.36859208307 0.109565158367869 0.143042867977241 0.765960302091411 0.443699923378977 0.723258954938981
"hsa-mir-4636" 1.50843569796325 0.0347381421725656 0.211678034870979 0.16410839317239 0.869645814598901 0.965152319843207
"hsa-mir-4638" 2.93230523522641 0.00372724791133226 0.18597647705304 0.0200415018629977 0.984010265506292 0.996910946903249
"hsa-mir-4645" 1.3724671490019 0.422225161233497 0.210827874404733 2.00270084032123 0.0452094085528207 0.213073908135903
"hsa-mir-4652" 4.09060054968301 0.0272933395374512 0.347918337563569 0.0784475452733629 0.937472054371302 0.968636873772657
"hsa-mir-4660" 0.785184078816876 0.272620132975743 0.265693543833021 1.02606984363563 0.304858663624234 0.63396830536224
"hsa-mir-4661" 7.8035234830071 0.00529022944626257 0.149314245498586 0.0354301723093974 0.971736725785824 0.990002453714129
"hsa-mir-4662a" 62.363936398115 -0.514453204031708 0.203093408986336 -2.53308665504906 0.0113062998473582 0.0942771464195102
"hsa-mir-4668" 11.8261743304533 0.203143010435413 0.145136596197627 1.39966773203638 0.161612840891805 0.468417966648975
"hsa-mir-4676" 0.585573800915362 0.0264641175285285 0.271322890102234 0.0975373567580562 0.922299669242324 0.968636873772657
"hsa-mir-4677" 17.1550014188889 0.0983760987366349 0.104360673828124 0.942654882610802 0.345857457751808 0.660051908808028
"hsa-mir-4683" 0.681073514589186 -0.368158261188045 0.319785388729404 -1.15126667497486 0.249622542573497 0.59111739065447
"hsa-mir-4705" 0.597102913413517 0.388623728850245 0.350317560925669 1.10934698170242 0.267280524719206 0.613839171177159
"hsa-mir-4709" 2.79033220178456 0.158339217287577 0.174495448477451 0.907411732908538 0.364189107179693 0.671396245208821
"hsa-mir-4714" 0.895211234805288 -0.12995644527059 0.262035014468079 -0.495950686340131 0.619929203868056 0.837631512497332
"hsa-mir-4728" 2.38208615515011 -0.188222855733826 0.183811146601882 -1.02400131446598 0.305834654048214 0.63396830536224
"hsa-mir-4732" 2.33328883183974 -0.225481733428489 0.293495505473199 -0.768262986054754 0.442330959990936 0.723258954938981
"hsa-mir-4742" 1.66497111871545 -0.193401752378107 0.215563328461651 -0.897192271794567 0.369616328316063 0.672837666315987
"hsa-mir-4746" 2.5456728589831 0.240470818585719 0.19460331431667 1.23569744652144 0.21657104706764 0.543329824176824
"hsa-mir-4758" 0.640614546982389 0.416623873200122 0.32059652469899 1.29952710370548 0.193763098140047 0.514801956823067
"hsa-mir-4766" 0.956093861528218 0.229888982330967 0.267270905647689 0.860134707793454 0.389714790953078 0.68579680745639
"hsa-mir-4772" 11.6601755197837 0.272649611470591 0.154398562889407 1.76588179558306 0.0774156819326148 0.290546821525843
"hsa-mir-4773-1" 1.08472231627558 0.0334646102101225 0.317878714081181 0.105274775339553 0.916157778097502 0.968636873772657
"hsa-mir-4773-2" 1.09301599806261 0.165777566012467 0.329485391052102 0.503140869108373 0.614865234529859 0.837289097368256
"hsa-mir-4781" 0.636761042327452 -0.343395972665879 0.298994762709884 -1.14850163111077 0.250761540046889 0.59111739065447
"hsa-mir-4786" 0.688389141283284 0.101075366722677 0.260155824294046 0.388518561892486 0.697632320405609 0.887654273036926
"hsa-mir-4787" 0.64899323698403 -0.057604821599293 0.360099484511127 -0.159969186508272 0.872905347195968 0.965152319843207
"hsa-mir-4791" 0.904431901050182 -0.239793093484927 0.271336821844729 -0.883746967531546 0.37683282012336 0.675819561608221
"hsa-mir-4796" 0.59926373859617 -0.20329355344635 0.311651614509746 -0.652310284887015 0.514201026548809 0.752707968665497
"hsa-mir-483" 5.96486633359132 -1.13494469541203 0.369168489561016 -3.07432710944969 0.00210977966576504 0.0272262042582059
"hsa-mir-484" 205.489555412445 -0.076956896400074 0.0784006308138677 -0.981585168399712 0.326304257226988 0.652431546142706
"hsa-mir-485" 3.59046380577766 -0.932670164997786 0.264200825459101 -3.53015613549688 0.000415314494335872 0.00900401823720171
"hsa-mir-486-1" 316.443824531805 -0.157220875696524 0.218638536799885 -0.719090412869095 0.472085213995048 0.730836231831657
"hsa-mir-486-2" 316.650440354597 -0.166511515841145 0.218717410540082 -0.761308921086695 0.446472573339469 0.723258954938981
"hsa-mir-487a" 1.30383229354317 -1.17571391372363 0.351260279775449 -3.34713026612411 0.000816528304031544 0.0142760755091967
"hsa-mir-487b" 4.51639774596494 -0.720532074527551 0.242204576275628 -2.97489042365405 0.00293093221856558 0.0343253534846221
"hsa-mir-489" 19.3074857871729 -0.511052573346159 0.3172159384263 -1.61105578704991 0.107167563745565 0.35225927504745
"hsa-mir-491" 5.59904035500638 0.0925261365927894 0.143136294638389 0.646419811456921 0.5180075134912 0.752707968665497
"hsa-mir-493" 10.3508304998933 -0.677831966073242 0.199962458763738 -3.38979611605057 0.000699446227143204 0.0137777896116276
"hsa-mir-494" 1.23627496976368 -0.879490026709108 0.339951475601034 -2.58710460119101 0.00967862058626676 0.0874302059626097
"hsa-mir-495" 9.48963018387307 -0.820597074063051 0.223255361874154 -3.67559850376902 0.000237292459545878 0.00650083957484878
"hsa-mir-496" 1.78017419534695 -0.781294667677326 0.277802987445437 -2.81240556432382 0.00491724601139777 0.0502857988335394
"hsa-mir-497" 81.6658599726569 0.212083603405135 0.122029232481461 1.73797375507836 0.0822154383388068 0.301086267429955
"hsa-mir-4999" 2.29723697738696 0.0680712381626219 0.222723365523816 0.305631328812436 0.759885364221347 0.920984574421599
"hsa-mir-499a" 1.70582321141407 0.29151904439408 0.21304582982827 1.36833959448567 0.171205802542601 0.478317242155101
"hsa-mir-5000" 6.93349308983987 -0.00205128402098971 0.130431670333123 -0.0157268860833471 0.987452277655095 0.996956298680473
"hsa-mir-5001" 0.809240277800158 -0.505309591246381 0.292407274321597 -1.72810198521474 0.0839699416571044 0.303637262157866
"hsa-mir-5003" 0.795821699251334 -0.400759068559766 0.290883708932471 -1.37772950582393 0.16828681795302 0.478317242155101
"hsa-mir-500a" 784.721772038493 -0.213997805802963 0.144657706933035 -1.47933912641119 0.139049700670352 0.432849754064886
"hsa-mir-500b" 17.8989154806152 -0.0959331221118885 0.149281638907112 -0.642631758427985 0.52046307075911 0.754253968854112
"hsa-mir-501" 187.916952943928 -0.0544725164022678 0.140637964694592 -0.38732440789057 0.698516058126795 0.887654273036926
"hsa-mir-5010" 3.76176754156814 -0.0135515864336583 0.167849448329808 -0.0807365562919858 0.935651463982685 0.968636873772657
"hsa-mir-502" 35.3984748441797 -0.13431642877415 0.126221308736213 -1.06413433768822 0.287267847471753 0.622796693318761
"hsa-mir-503" 115.405951712281 0.137281368580745 0.182684008856309 0.751468995234959 0.452370453365894 0.723258954938981
"hsa-mir-504" 3.66980202736649 -0.175057123646738 0.190585530950975 -0.918522632716377 0.35834531551584 0.66964115663072
"hsa-mir-505" 142.379127932526 0.00654277718361566 0.0842524898270882 0.0776567813846622 0.938101073694887 0.968636873772657
"hsa-mir-506" 2.31306810547896 -2.09340021754299 0.699388660634703 -2.99318581408399 0.00276081604880825 0.0332524955212015
"hsa-mir-508" 74.017473197879 -1.10841818612566 0.292608356191978 -3.78806060274792 0.00015182782000725 0.00650083957484878
"hsa-mir-509-1" 7.94206623209531 -0.402676318330077 0.262973849854288 -1.5312409144605 0.125709862336873 0.400792619921089
"hsa-mir-509-2" 8.24011712693307 -0.338243385127335 0.255223706610317 -1.32528200306947 0.185077635807002 0.504080797022087
"hsa-mir-509-3" 9.28147727173588 -0.483988072683549 0.273013669289119 -1.77276131976751 0.0762682653656762 0.290546821525843
"hsa-mir-511" 20.8575376339401 0.439244686561437 0.165318477204561 2.65696063736375 0.00788486488724704 0.0791406809053314
"hsa-mir-513c" 0.751000799490505 -1.69133030885346 0.714365724568907 -2.36759722742034 0.0179040150694875 0.124423201409868
"hsa-mir-514a-1" 21.3193422475666 -1.19350759607502 0.332659346270846 -3.58777713433997 0.00033350916809273 0.00753174871276082
"hsa-mir-514a-2" 21.2209104457617 -1.17653304519282 0.338867989147664 -3.47195097463201 0.000516690685257106 0.0107710135157443
"hsa-mir-514a-3" 21.3366922305426 -1.1309900818205 0.335072287398169 -3.37536144992062 0.000737188005050185 0.0137777896116276
"hsa-mir-514b" 1.30680980989322 -2.59853827473168 0.887023748037041 -2.92950248567997 0.00339505097671864 0.0375534210077858
"hsa-mir-5187" 0.756676446705959 -0.443585290156963 0.281156188842266 -1.5777183919854 0.114630319102672 0.369819243771714
"hsa-mir-532" 2492.94714552045 -0.25680942671482 0.143471874872947 -1.78996355168732 0.0734597710272931 0.290546821525843
"hsa-mir-539" 10.3949329455514 -0.619769195001284 0.215008120865579 -2.88253854089892 0.00394484874169305 0.0419236866274046
"hsa-mir-541" 0.578537107281535 -0.91098927793921 0.452519401547693 -2.01314965684007 0.0440988875720997 0.213073908135903
"hsa-mir-542" 1028.10950731902 0.275633407670672 0.120479754402009 2.28779855203686 0.0221492552081461 0.137987314055347
"hsa-mir-543" 1.36819649476245 -0.808279477400565 0.342079612219853 -2.36284025275697 0.0181354850763461 0.124423201409868
"hsa-mir-545" 2.02008064003045 0.148936108953478 0.203412514870119 0.732187540420387 0.464054108118983 0.730836231831657
"hsa-mir-548aw" 1.06958564318759 0.132631652059297 0.240586892709548 0.551283781778663 0.581439154463275 0.814805577236384
"hsa-mir-548b" 1.34281947037987 -0.28489412408306 0.251047195024047 -1.13482297245253 0.256449498925644 0.599119088007323
"hsa-mir-548e" 0.770926082773847 -0.299435948742997 0.28069682049658 -1.06675931780512 0.286080533562928 0.622796693318761
"hsa-mir-548s" 0.650449452802334 -0.159909789373968 0.325108909873943 -0.491865293498017 0.622814574790452 0.837631512497332
"hsa-mir-548v" 2.16972315047008 -0.0172661001053591 0.191078470629249 -0.090361305742606 0.928000104404271 0.968636873772657
"hsa-mir-550a-1" 6.48213431826495 -0.107120242041356 0.165401235886134 -0.647638703952008 0.517218658026798 0.752707968665497
"hsa-mir-550a-2" 6.0675591111663 0.170412976741178 0.159888885187405 1.06582128295808 0.286504438086115 0.622796693318761
"hsa-mir-550a-3" 3.39047178273325 -0.0707699890460716 0.189637419860477 -0.373185783154716 0.709010176537775 0.890259784176895
"hsa-mir-551a" 0.560901603046525 0.169949540868982 0.305458506906851 0.556375209811417 0.577954382211482 0.814805577236384
"hsa-mir-551b" 7.33483157625093 -1.22906353996668 0.309148344380844 -3.97564328681178 7.01892675881247e-05 0.00422695367030706
"hsa-mir-5586" 7.36487267476479 0.17458751524131 0.184089867218412 0.948381993421572 0.342935022888126 0.656787216980087
"hsa-mir-5588" 2.581882485497 -0.0137690362722529 0.210473601616031 -0.0654193027844504 0.947840155599377 0.972972280937239
"hsa-mir-561" 1.65554115031148 -0.426961092102826 0.307424050918077 -1.38883438308671 0.164883117266629 0.47535451892826
"hsa-mir-5683" 4.77055403400266 0.183307412622096 0.242603768856215 0.755583532301748 0.449898932351951 0.723258954938981
"hsa-mir-5687" 1.3666892498126 0.187393529856993 0.226689889838359 0.826651466417904 0.408434637385469 0.696137023468315
"hsa-mir-5690" 0.672569774566548 0.0595849415732537 0.298341940967302 0.199720298728579 0.841699337514898 0.948442912542775
"hsa-mir-5696" 0.810786633657946 -0.0250674753906165 0.254850785152216 -0.0983613818401397 0.921645338759836 0.968636873772657
"hsa-mir-5698" 1.30070473007998 0.187134598641717 0.279840974125644 0.668717650181192 0.503675606263072 0.751561446181104
"hsa-mir-5699" 1.92766523985896 -0.0758798084325896 0.202325954623519 -0.375037441804162 0.707632620998843 0.890259784176895
"hsa-mir-570" 2.14252373081889 -0.136536095813653 0.235670842949739 -0.579350818729713 0.562352482003135 0.798786428352807
"hsa-mir-5706" 1.69344973006345 0.460150057704784 0.209367525756843 2.19781007604397 0.0279626431069018 0.159534237515166
"hsa-mir-574" 148.507569992892 -0.074301082046391 0.0844358434389451 -0.879970863323198 0.378875093907786 0.675819561608221
"hsa-mir-576" 32.5373187110852 0.072742679970766 0.100033978726739 0.727179713299973 0.467115871975669 0.730836231831657
"hsa-mir-577" 107.61912024335 -0.467193764141719 0.264846697409471 -1.76401582013842 0.0777293157218583 0.290546821525843
"hsa-mir-579" 1.45213291945277 0.455467573775259 0.193972850559328 2.34809960498028 0.018869474517559 0.127840689856462
"hsa-mir-580" 0.807971952579822 0.0533771071376234 0.254175230286061 0.210001214821563 0.833666724886741 0.945287374243962
"hsa-mir-581" 2.1318431674375 -0.155841172786389 0.19105597946986 -0.81568330506491 0.414681289949724 0.704568210510189
"hsa-mir-582" 1208.60043214594 0.101055637754178 0.207643676148967 0.486678138378166 0.626486440090325 0.840484283487516
"hsa-mir-584" 116.175938073533 0.0734021443804745 0.142359810941136 0.515610015883101 0.606126813489593 0.83134053152818
"hsa-mir-585" 2.94045728579276 -0.432999689876795 0.231549359282578 -1.87001031321521 0.0614823857113722 0.260020576214974
"hsa-mir-589" 112.390013821617 -0.0408790834017658 0.0892373254488641 -0.458094000421279 0.646884909077097 0.856798509473366
"hsa-mir-590" 54.9896784546745 0.0267704376366251 0.102497349203363 0.261181755866782 0.793952346668218 0.930144070042447
"hsa-mir-592" 57.7041892892088 0.269174012737404 0.224749566538644 1.19766198833189 0.231048633105913 0.559055174747342
"hsa-mir-598" 55.8580581313659 0.0027226137979035 0.136065368836121 0.0200096014231414 0.984035713271658 0.996910946903249
"hsa-mir-599" 5.8272917287005 -1.65146975590109 0.523750910879042 -3.15315872793296 0.00161513958167216 0.0219802696654934
"hsa-mir-605" 1.18923717280358 -0.301492425221744 0.246309131822595 -1.22404079374083 0.220936838971605 0.546793455354384
"hsa-mir-607" 0.882343285187636 -0.0903253683062432 0.314213432483368 -0.287465012531011 0.773756287834519 0.924046047710706
"hsa-mir-615" 26.1229450166087 -0.185806992486788 0.135682182860812 -1.36942808973965 0.170865498750649 0.478317242155101
"hsa-mir-616" 14.6209983927726 -0.13102538346811 0.164837914659167 -0.794874066072902 0.426686761333128 0.713778471118998
"hsa-mir-618" 3.49374949860147 -0.271680092509016 0.261598373633852 -1.03853892031177 0.299019225284832 0.63396830536224
"hsa-mir-624" 3.0767043688791 0.202721772000827 0.165580352881252 1.22431054453792 0.22083510063666 0.546793455354384
"hsa-mir-625" 267.971602531377 0.0667333615671064 0.142255860156457 0.469107996631641 0.638992443475707 0.853086814592031
"hsa-mir-627" 3.11555440242883 -0.181604415689688 0.190807618072471 -0.951767112467765 0.341215104489085 0.656787216980087
"hsa-mir-628" 125.896928011469 -0.0130886357901938 0.142851401104255 -0.0916241331132735 0.926996676646884 0.968636873772657
"hsa-mir-629" 184.021534155222 0.0968542738614883 0.110632951110566 0.875455936854591 0.381325875391628 0.675819561608221
"hsa-mir-632" 0.679273466076607 0.229116965582253 0.286203946354967 0.800537408726325 0.423399498567615 0.712678659079649
"hsa-mir-639" 0.936573221087457 0.332571973136068 0.252969493940117 1.31467224745603 0.188620077532188 0.510283818616508
"hsa-mir-642a" 6.46919021179323 -0.74334134657303 0.235409711753869 -3.15764944884782 0.00159046688533544 0.0219802696654934
"hsa-mir-643" 1.71168383823208 -0.150330579236726 0.209506222386752 -0.71754708535202 0.473036594198932 0.730836231831657
"hsa-mir-6502" 0.791529975618032 0.127077557031189 0.282488792235436 0.449849907408993 0.652818669082207 0.860894692560964
"hsa-mir-6503" 1.56383538851405 0.190245736166765 0.206486750850097 0.921345971998355 0.356869826659478 0.669285280447879
"hsa-mir-6509" 4.1959713632141 0.10717371657372 0.1852878347389 0.578417448316262 0.562982316661942 0.798786428352807
"hsa-mir-651" 5.67621206284948 -0.0911744487470129 0.195211584887981 -0.46705449781237 0.640460887807282 0.853086814592031
"hsa-mir-6511b-1" 3.16976022804844 -0.197295760102299 0.153879302387599 -1.28214618237182 0.199791370990764 0.521449677689833
"hsa-mir-6511b-2" 3.19458909965558 -0.243097919895985 0.152864996039738 -1.59027852153145 0.111772037842547 0.364942436811206
"hsa-mir-6514" 0.550761589850487 0.18917681482679 0.283013539257491 0.66843733103056 0.503854472722879 0.751561446181104
"hsa-mir-6516" 1.0035736459147 -0.0464892413361218 0.249574050323915 -0.186274339322477 0.852229629528287 0.952388575679035
"hsa-mir-652" 43.1280504842715 -0.173911289539476 0.0796353302263983 -2.18384590162503 0.028973573371263 0.161893574919841
"hsa-mir-653" 339.445217205273 -0.0170153735198441 0.23935273423331 -0.071089112787232 0.943326832985826 0.970176742843108
"hsa-mir-654" 16.6250058539394 -0.366268645581812 0.20858400590109 -1.75597665793942 0.0790923942820113 0.293616970553768
"hsa-mir-655" 1.89692914492505 -0.665557424034298 0.328720688473132 -2.02468979706063 0.0428992269572371 0.211376191007477
"hsa-mir-659" 3.37885636196756 0.191015232490781 0.15348850883741 1.2444920726484 0.213318515159103 0.537761094028994
"hsa-mir-660" 118.804254088003 -0.278236698898959 0.166247256914141 -1.67363181843448 0.094202981161441 0.325210291652873
"hsa-mir-664a" 103.465803874195 -0.048191298841618 0.0965178682505786 -0.499299245985255 0.617568586245971 0.837289097368256
"hsa-mir-664b" 12.9034978702497 -0.0576881641417778 0.113718878711172 -0.50728748643659 0.611953117462279 0.835462442479988
"hsa-mir-671" 11.64887834117 0.190014726066017 0.133165618339317 1.4269052960941 0.153607194089593 0.454467558020966
"hsa-mir-6715a" 0.688947309052946 -1.732569949891 0.795771698177657 -2.17721986577135 0.0294641667725708 0.162954881538096
"hsa-mir-6716" 1.25971789656479 0.0162344581768274 0.202051033475269 0.0803483055621908 0.935960240089625 0.968636873772657
"hsa-mir-6718" 4.97559530875872 -0.49025301892278 0.335731217271376 -1.46025449437579 0.144220143452319 0.436688925984117
"hsa-mir-6733" 0.926709560743999 0.0481897270479198 0.249566642009347 0.193093622849303 0.846885646904238 0.952307096726342
"hsa-mir-675" 127.47156565724 -0.276935174747199 0.302915931285273 -0.914231131958503 0.3605954089191 0.66964115663072
"hsa-mir-6755" 1.06592403964427 0.397580509785435 0.212939466010175 1.86710578942861 0.061886816110206 0.260020576214974
"hsa-mir-676" 2.91812903323071 -0.0393451910121659 0.175193153630471 -0.224581784144119 0.822304637062966 0.942260281793082
"hsa-mir-6761" 2.3044156636019 -0.1649796569402 0.206062224794341 -0.800630280998162 0.423345715078357 0.712678659079649
"hsa-mir-6788" 0.637471335416134 -0.0383658746911105 0.312135738813965 -0.122914072053687 0.902175142238449 0.968636873772657
"hsa-mir-6793" 0.558857798175955 0.354767192349526 0.294530210168039 1.20451885783506 0.228389097803538 0.555098165961962
"hsa-mir-6802" 1.02958567317332 0.324822219779745 0.22372826164748 1.45186047300343 0.146540405077756 0.438811599735601
"hsa-mir-6803" 0.621942505976491 0.205143442466146 0.272560433573938 0.752653053035651 0.451658428124363 0.723258954938981
"hsa-mir-6806" 2.05439250593936 -0.0591162145864861 0.17290139030029 -0.341907109502212 0.732420799125806 0.902513990415137
"hsa-mir-6815" 2.08992460829265 0.131687148598618 0.191487016445005 0.687707976464496 0.491636695962858 0.749474340480335
"hsa-mir-6820" 0.984449924859787 0.0382101695955519 0.245102638070219 0.155894566849196 0.876116127975752 0.965152319843207
"hsa-mir-6833" 0.674201947276745 0.272254571844276 0.262886589244943 1.03563507224252 0.300372423356381 0.63396830536224
"hsa-mir-6837" 2.31278582359292 0.217297918474815 0.153529039118279 1.41535386219286 0.156964769979742 0.459162380787074
"hsa-mir-6842" 2.08787627960631 -0.0185324039409883 0.213115360211739 -0.0869594942503236 0.930703708997811 0.968636873772657
"hsa-mir-6843" 0.638587531805849 -0.0838550877906875 0.326669807762001 -0.256696780045804 0.797412857431397 0.930144070042447
"hsa-mir-6854" 1.238223625183 0.495710647847849 0.254321476313063 1.94914977309129 0.0512775411292552 0.233549809176944
"hsa-mir-6874" 0.770994940445302 -0.191984915375279 0.294114792302288 -0.652755048028862 0.513914207628433 0.752707968665497
"hsa-mir-6875" 0.844152442690556 -0.386583893360648 0.279502352792744 -1.38311498811356 0.166629610679891 0.477847878246036
"hsa-mir-6892" 5.83117738627053 -0.103981700129142 0.155882364022119 -0.667052368505183 0.50473868341314 0.751561446181104
"hsa-mir-7-1" 43.4838959248146 -0.0125110233088251 0.0942690639607158 -0.132716108372931 0.894417902923158 0.968636873772657
"hsa-mir-7-2" 0.721939701539171 0.195041385705645 0.29775117560847 0.655048247272468 0.512436690989558 0.752707968665497
"hsa-mir-708" 257.793679419313 0.32956060825522 0.159925562227488 2.06071251940595 0.0393304745408366 0.197992241696855
"hsa-mir-7110" 1.17730908370248 -0.0242936056602326 0.267722319744873 -0.0907418017421308 0.927697754638222 0.968636873772657
"hsa-mir-744" 76.0842322411121 -0.0289599347639553 0.0916158003782896 -0.316101967612325 0.75192511331975 0.915827890829898
"hsa-mir-758" 10.6281500919804 -0.430946587934793 0.205748055025625 -2.09453541556502 0.0362123116323173 0.188721854853038
"hsa-mir-760" 3.73753916308696 0.0178624661120098 0.214907215749808 0.0831171073046008 0.933758423251521 0.968636873772657
"hsa-mir-766" 14.2882684686649 -0.266578519806336 0.135792619478534 -1.96312966661989 0.0496311091944302 0.229915052849412
"hsa-mir-769" 36.3146587742597 0.239338557887338 0.0638395284953778 3.74906525045321 0.000177494904275708 0.00650083957484878
"hsa-mir-7702" 2.9573227191318 -0.565375409647559 0.311785833985464 -1.81334540578877 0.0697785642293797 0.282238670241222
"hsa-mir-7705" 0.888269512077888 0.112793052002136 0.28909344096114 0.390161228242108 0.696417329587589 0.887654273036926
"hsa-mir-7706" 2.91167334364312 -0.0523373602503065 0.163285382060156 -0.3205269179027 0.748568928305341 0.915511203315947
"hsa-mir-7854" 1.07060572678525 -0.446719813375852 0.264737160792887 -1.68740879458678 0.0915247739297445 0.318124113170977
"hsa-mir-7978" 1.22986148303574 0.244681171003275 0.262106636011366 0.933517650398842 0.350552761592555 0.66239845716927
"hsa-mir-802" 1.62452389455757 -0.94486326249114 0.54153161273607 -1.74479797719888 0.0810200410573231 0.298726954102511
"hsa-mir-874" 72.2389885432801 -0.870000784667462 0.237682837890392 -3.6603433061863 0.000251877548102997 0.00650083957484878
"hsa-mir-875" 1.5581277638277 -1.59889437828037 0.738189088325553 -2.16596858930435 0.030313587285191 0.165959235440137
"hsa-mir-877" 2.55228271084548 -0.274770286439349 0.184934143966017 -1.48577369514761 0.137338990174553 0.432777515550044
"hsa-mir-885" 39.6405899060118 0.359277924285509 0.279040614082834 1.28754706717659 0.197903675427106 0.520698019813066
"hsa-mir-887" 11.9816560102846 0.174525548494507 0.127161605802989 1.37247046694975 0.169917026540249 0.478317242155101
"hsa-mir-888" 2.81128171311599 -1.8619036363316 1.04747817568646 -1.77751067234543 0.0754842564791259 0.290546821525843
"hsa-mir-889" 10.0097944952937 -0.694604302635664 0.211803264130225 -3.27947874405086 0.00103999044326153 0.0170810551590227
"hsa-mir-891a" 260.410003887375 -3.81208159948814 0.569540220986558 -6.69326143970104 2.18250703641184e-11 1.18291881373522e-08
"hsa-mir-891b" 5.66970732093379 -4.49021685987249 1.03752476203115 -4.32781657286139 1.50594802276651e-05 0.00136037304723241
"hsa-mir-892a" 6.18112173514516 -1.67525575259861 1.01718464717497 -1.64695343883857 0.0995676165615152 0.335190361343734
"hsa-mir-892b" 1.59481976361508 -2.55598798801763 1.38703787631301 -1.84276726084214 0.065362998804316 0.266366506405558
"hsa-mir-892c" 0.867213279313143 -1.61548416059005 1.52697501829617 -1.05796371337668 0.290071985931998 0.6263705831679
"hsa-mir-9-1" 2050.82134108614 0.0413547263836638 0.344381813221027 0.120083944029652 0.904416651155745 0.968636873772657
"hsa-mir-9-2" 2046.30450355918 0.0437753773592127 0.34380720176123 0.127325364724658 0.898682885537438 0.968636873772657
"hsa-mir-9-3" 2058.2107653758 0.0415224776028641 0.344016190946285 0.12069919583915 0.903929295967234 0.968636873772657
"hsa-mir-92a-1" 6847.66915033885 -0.0151627191316615 0.0851971560285987 -0.177972127691348 0.858744865146822 0.955728371477571
"hsa-mir-92a-2" 6286.9682653121 -0.0191246529369921 0.0832413177866509 -0.229749521577842 0.818286411374582 0.941637441539328
"hsa-mir-92b" 136.059300279681 0.0881203270442812 0.104960855956281 0.839554196099405 0.401158390048528 0.692445373905421
"hsa-mir-93" 6799.28407418836 0.15945167362724 0.0964443795901096 1.65330187518352 0.0982694415562115 0.332887733271666
"hsa-mir-934" 1.74745054620728 -2.69845847435877 0.882692088900619 -3.05707789646066 0.00223506184687821 0.0281721749071626
"hsa-mir-935" 3.19405857932272 -0.270643443936021 0.245681954450914 -1.10160082591697 0.270635249113089 0.614351169348438
"hsa-mir-937" 1.65128916006333 0.0187017623899589 0.241428521113927 0.0774629372854161 0.938255274410784 0.968636873772657
"hsa-mir-939" 1.03125756509207 -0.0270550797243221 0.241346641079956 -0.112100502427788 0.910743719058201 0.968636873772657
"hsa-mir-940" 3.49936041809447 0.0685050873084302 0.164531948980438 0.416363434171531 0.677144081166854 0.880194873868282
"hsa-mir-942" 8.34809959895729 0.0659979610299239 0.141366502435671 0.466857140077838 0.640602091400289 0.853086814592031
"hsa-mir-944" 0.572737185087917 0.213040276162083 0.346646661566594 0.614574723435369 0.538835611396628 0.772616141208921
"hsa-mir-95" 8.80403590588248 0.0316396943263702 0.155368842633763 0.203642466468979 0.838632905000823 0.946956321896762
"hsa-mir-96" 18.857656277191 -0.516422109775947 0.27975896848822 -1.84595372425993 0.0648989249146634 0.266366506405558
"hsa-mir-98" 153.428148928827 0.120532682901312 0.0725638396862619 1.66105712462914 0.0967019744038888 0.3317244944741
"hsa-mir-99a" 1753.03951239413 0.0228814044939671 0.1215903216537 0.188184422762984 0.850732083170465 0.952388575679035
"hsa-mir-99b" 90653.3582803376 0.089147530022204 0.0829923247582042 1.07416595789951 0.282748306862864 0.620443653116082
