"baseMean" "log2FoldChange" "lfcSE" "stat" "pvalue" "padj" "regulation"
"ABCA13" 38.395549881539 -2.22394722020062 0.574575664387627 -3.87059069508428 0.000108571953990673 0.00956903890909035 -1
"ACPP" 218.770329621794 -2.17483047184889 0.507959664018834 -4.28150230402597 1.85635801130974e-05 0.00311108726713591 -1
"ADAM7" 20.4311983617412 -2.83438784245293 0.694040423877256 -4.08389446052526 4.42871510231912e-05 0.00538307887326943 -1
"ADGRF1" 644.41487781875 -4.18611885832794 0.741709075828034 -5.64388248000688 1.66257581332712e-08 2.04330567457903e-05 -1
"ADH1C" 133.592457156856 -3.18616929101168 0.57163976431822 -5.57373627569758 2.49333095576011e-08 2.59579808896051e-05 -1
"AKR1B10" 88.6630277868727 -2.75184911582299 0.554918793606121 -4.95901228707753 7.08524864170321e-07 0.000326541396774497 -1
"ALDH1A2" 1151.2557703079 -1.88756493936838 0.468991768451783 -4.02472935846941 5.7040877156488e-05 0.00627790191271556 -1
"ALX1" 27.0339616297066 -2.24217360148837 0.562171462423347 -3.98841590397181 6.65159741417368e-05 0.00694087915077123 -1
"ANGPTL8" 45.392910921088 -2.33910999990815 0.498699091588381 -4.69042362290649 2.72639987441329e-06 0.000826211205777683 -1
"ANKRD2" 74.8939016025303 -2.39717153273016 0.521971053662493 -4.59253729859161 4.37889216157777e-06 0.00113964532233439 -1
"APOH" 103.839334712505 -2.37353841530524 0.606382457662957 -3.9142596975068 9.06819962732811e-05 0.00862470621851734 -1
"AQP6" 258.044421663093 -2.74997454885152 0.677537837083091 -4.05877634921557 4.93305310766861e-05 0.00574363162357079 -1
"ARSI" 64.4010915378438 -2.09797408578324 0.469495997968983 -4.46856649440883 7.87455347442136e-06 0.0017548309272413 -1
"ARX" 40.3875338951541 -3.68304550109189 0.770810939195957 -4.77814378832469 1.76920849632105e-06 0.000631265005735712 -1
"ASB5" 11.82635960232 -2.39377007887122 0.566045157867238 -4.22893835518449 2.34796664593028e-05 0.00358218745801859 -1
"ASTN1" 22.4190978917481 -1.63815229908583 0.411211310755059 -3.98372383307717 6.78437099954372e-05 0.00704619038741344 -1
"ATP6V0A4" 1217.10569644685 -3.93426303538243 0.770424867094294 -5.10661480881419 3.27981368029217e-07 0.000181390095588559 -1
"ATP6V0D2" 704.731928865556 -2.84647141406368 0.717448931066938 -3.96748993664346 7.26335780829204e-05 0.00743888895532577 -1
"ATP6V1B1" 657.623241439723 -2.8053424593006 0.570074886551995 -4.9210069158953 8.6100087697494e-07 0.000380941228008793 -1
"ATP6V1C2" 244.282153540067 -1.40210438978935 0.341782078137144 -4.10233443904199 4.09002504656188e-05 0.00515152537982459 -1
"AVPR2" 192.248368704159 -1.66611878415317 0.427819269122394 -3.89444539880347 9.84236579061895e-05 0.0090345566813308 -1
"B3GALT5" 279.107247543994 -2.0907347504874 0.533228554269411 -3.92089795969753 8.82196158314793e-05 0.00859733190054619 -1
"B3GNT6" 1.44114293293591 -2.59943229884406 0.649433362665697 -4.00261589299062 6.26459637616737e-05 0.0065993048111226 -1
"B4GALNT4" 181.283996615277 -2.10043271203546 0.536169919032383 -3.91747585509101 8.94810050520218e-05 0.00862404639974749 -1
"BARX1" 8.51852083374523 -2.7605134698365 0.657205738194027 -4.2003794388988 2.6646803070816e-05 0.00395624548679591 -1
"BNC1" 35.2389541159964 -2.27248350716207 0.499036615607587 -4.55374102037638 5.27002286104724e-06 0.0013099263565403 -1
"BRINP3" 20.7203072112605 -3.7918694202895 0.945969921188585 -4.00844607778344 6.11195902125637e-05 0.0065754562823564 -1
"C15orf56" 19.8500775339578 -2.2795955753055 0.583514542576632 -3.90666454556466 9.35789258716747e-05 0.00869904413120922 -1
"C16orf89" 311.444986185873 -2.05471335693134 0.48998880593443 -4.1933883632564 2.74818352201955e-05 0.00405302105827444 -1
"C1orf87" 3.46798943262038 -2.64594415809665 0.669692661372826 -3.95098275778122 7.78309322466548e-05 0.00784427628452797 -1
"CA1" 18.3095637553278 -1.92335428132789 0.475860824285497 -4.04184203273258 5.3032955449899e-05 0.00598568898195238 -1
"CADM3" 691.777895770931 -2.07741090692166 0.506941418859247 -4.09793090411983 4.16859666412797e-05 0.00515152537982459 -1
"CASC9" 21.667001999293 -4.12061830978603 0.890496219042649 -4.62732824875552 3.70413187079147e-06 0.00101163957093394 -1
"CCDC146" 1402.29735694067 -1.39759770019842 0.345084948685813 -4.05001060034897 5.12153129197857e-05 0.00587038939073315 -1
"CCL7" 7.46930652469362 -2.26063485676426 0.582272710853928 -3.88243311875107 0.000103416465258097 0.00929058187587937 -1
"CDC20B" 25.4279708440708 -1.58582334113883 0.401015272066463 -3.95452106591092 7.66881150944284e-05 0.00778208478036213 -1
"CDH10" 7.16961223071838 -2.36292978267011 0.586278319021828 -4.03038916160591 5.56845823756639e-05 0.00620361366485989 -1
"CDH17" 61.9243617758518 -2.22168027301527 0.435612362436674 -5.10013136584994 3.39417826065308e-07 0.00018313661337114 -1
"CDH19" 13.0425704564058 -3.09061279650111 0.714820350060509 -4.32362172710877 1.53488385179962e-05 0.00277185810420771 -1
"CES5A" 5.78836286124991 -3.68308035810685 0.755989851428958 -4.87186481557281 1.10549803442562e-06 0.000444651409410246 -1
"CFAP47" 44.6833713678658 -2.43318500968782 0.589567137552261 -4.12707027699986 3.67414137584373e-05 0.00495605826319604 -1
"CHL1" 857.347649440453 -2.36543405225827 0.472544346065372 -5.00573982516983 5.56478793442518e-07 0.000267617910185552 -1
"CHL1-AS2" 9.17581759726199 -4.6140701472813 1.00332999799137 -4.59875629804602 4.2502060860771e-06 0.0011193221313833 -1
"CHRNB4" 21.2577205581004 -1.65972001370726 0.40758279120545 -4.07210522504775 4.65901218373159e-05 0.00555235510213142 -1
"CLCNKB" 1153.60442928079 -3.5223485173585 0.682255046151686 -5.16280317342699 2.43278906832208e-07 0.000141626736235318 -1
"CLDN16" 282.825807890936 -2.39281337013154 0.612250287207075 -3.90822743595095 9.29757610528417e-05 0.00869904413120922 -1
"CLMP" 424.59086017717 -2.27816588557063 0.50336012176268 -4.52591651001849 6.01343187380313e-06 0.00143210742812648 -1
"CLSTN2" 947.573205657802 -1.7547709413882 0.411947034601174 -4.25970038378132 2.04701112419202e-05 0.00330115026789686 -1
"COL4A6" 155.57112243126 -2.57818799081034 0.530144083792047 -4.86318355638135 1.15512633262127e-06 0.00045631615589728 -1
"COL7A1" 515.209120113264 -1.78468718451976 0.429420182116416 -4.15603937319352 3.23812044149443e-05 0.00453377850675569 -1
"COLGALT2" 157.090994201247 -1.49299022995425 0.373556738859013 -3.99668932359358 6.42345125859619e-05 0.00673457766552915 -1
"CORO6" 125.436219573361 -1.79694545701774 0.419872630180627 -4.27973944442319 1.87112237009042e-05 0.00311225331361957 -1
"CPEB1" 128.295112656766 -2.61418920505316 0.520660905284687 -5.02090550398396 5.14284571088785e-07 0.000258568256400593 -1
"CPN2" 486.477993561345 -3.75360402671379 0.703510358617016 -5.3355348371739 9.52633358520235e-08 7.10940123756402e-05 -1
"CPNE7" 155.750973157167 -1.68614529138038 0.430706694464472 -3.91483418542375 9.04663575759499e-05 0.00862470621851734 -1
"CWH43" 177.430659593563 -2.61104276640187 0.608283370594163 -4.29247763891924 1.76690349501928e-05 0.00305370618100128 -1
"CYP26C1" 15.2880074781017 -2.25277109854761 0.482977284447478 -4.66434172183637 3.09606524135955e-06 0.000925556152288594 -1
"CYP2C9" 151.346742837786 -2.15033727275635 0.544329609420336 -3.95043230340946 7.80101610431314e-05 0.00784427628452797 -1
"CYSLTR2" 1043.41709501212 -2.32122147150114 0.461546454118434 -5.02922609585363 4.92463427155233e-07 0.000253355254314606 -1
"DDX43" 65.9254242307637 -2.11837380445515 0.462470224826308 -4.58056257621939 4.6372683736686e-06 0.00117914541335973 -1
"DIRAS1" 114.787001739105 -2.76623449014458 0.523739900042662 -5.28169515043489 1.27994047099154e-07 8.32789502919847e-05 -1
"DMRT2" 207.982414649969 -3.65413177554593 0.801128311639158 -4.56123160604492 5.08544494817079e-06 0.00127841151299357 -1
"DNAJC12" 257.686101817098 -1.35844816529746 0.326416923028541 -4.16169649751488 3.15892012592087e-05 0.00450849232423365 -1
"DNTT" 5.00520399541949 -3.50481615271275 0.860787827791016 -4.07163767836602 4.66837559441481e-05 0.00555235510213142 -1
"DOCK3" 79.3563995493252 -1.66380377338462 0.397808534783695 -4.18242352263582 2.88418050658078e-05 0.00419762112938026 -1
"DPP6" 138.305545547895 -2.02694433228291 0.522336875491522 -3.88053079801334 0.000104228745016878 0.00929058187587937 -1
"DPYSL4" 94.6421779819012 -1.94126146440868 0.473605619127012 -4.09889871658822 4.15120630797458e-05 0.00515152537982459 -1
"EFNA2" 5.79356374811428 -2.19565780560092 0.557139474534142 -3.94094819333496 8.11601549935146e-05 0.00812409479079878 -1
"EHF" 226.636540319613 -2.62748299573702 0.620385936925283 -4.23523945233057 2.28308286969642e-05 0.00353404054807898 -1
"ELF5" 88.0816935883333 -4.33992628007687 0.806473924699804 -5.38135970321959 7.39253073191782e-08 5.8406273161245e-05 -1
"EPB41L4B" 263.265373096547 -2.97881949947863 0.549564794925444 -5.42032445852495 5.94909634126261e-08 5.14206274922002e-05 -1
"FAM151A" 1189.14821203655 -2.30545341608933 0.540586469469486 -4.26472645227659 2.0014726007077e-05 0.00327974643502634 -1
"FAM245A" 13.3372334729366 -3.36105193737994 0.839561978360131 -4.00333986532464 6.24544802923333e-05 0.0065993048111226 -1
"FGFBP1" 8.57119186713452 -3.5229051502341 0.838040684057004 -4.20374000600962 2.62540489258726e-05 0.00394322385279469 -1
"FOXI1" 262.396661482355 -4.14120796697648 1.01087560235646 -4.09665438291605 4.19163985339674e-05 0.00515152537982459 -1
"FRG2C" 17.9475748366376 -3.30250063179088 0.658600480646542 -5.01442183666317 5.31931706902255e-07 0.000261497627113149 -1
"FRZB" 7892.10431478105 1.58754932267916 0.376779003196905 4.21347609396776 2.51470214607594e-05 0.00381029047092411 1
"FXYD4" 501.149266054059 -4.2014179323184 0.970446389844073 -4.32936633727234 1.49538999156854e-05 0.00273396837962637 -1
"GABRB2" 95.9287302788967 -1.92100393190208 0.442383950295858 -4.34239065548683 1.40940635616007e-05 0.00262007457235067 -1
"GAL3ST3" 55.5748407420619 -2.85163725166119 0.621329551751004 -4.58957286616229 4.44153934750189e-06 0.00114250852843531 -1
"GALNT17" 123.732951573608 -2.53597669669418 0.576622906185844 -4.3979811927153 1.09262444418098e-05 0.00221752641781392 -1
"GCGR" 101.402938993926 -4.4290968387785 0.817552095941554 -5.41751022444341 6.04346946386948e-08 5.14206274922002e-05 -1
"GFPT2" 749.360909435478 -1.72272832104405 0.427676542776648 -4.02811037953918 5.62269460508286e-05 0.00621926250268215 -1
"GGT6" 613.073258554158 -2.82656862694426 0.689835162524349 -4.09745513203596 4.17717100283387e-05 0.00515152537982459 -1
"GJB3" 33.5775031310016 -2.2442585384895 0.530228152289662 -4.23262802776166 2.30976348674614e-05 0.00354837415651376 -1
"GPC3" 1255.64751708676 -2.19228790630465 0.490939674838825 -4.4654934580799 7.98844134400672e-06 0.0017548309272413 -1
"GRHL2" 235.803240347142 -4.08366691329251 0.689515884331622 -5.92251318075287 3.17058384547845e-09 5.39535814074418e-06 -1
"GRIA2" 9.67820254579797 -2.66146717207661 0.606194814201031 -4.39044859792218 1.13117053544761e-05 0.00225439230497046 -1
"GRM8" 637.951311186789 1.51220352734171 0.380310197465499 3.97623712805885 7.00143130951116e-05 0.00720398434553516 1
"GVQW3" 250.150582887008 1.06051348220184 0.224654139210607 4.72064964361792 2.35092576460051e-06 0.000732495489640739 1
"HAGHL" 361.048858160565 -1.91523140652492 0.403207706121227 -4.7499871094951 2.03429615488394e-06 0.000680864786890379 -1
"HAL" 31.14340973131 1.01745323458702 0.261169372182431 3.89576015780408 9.78912229305799e-05 0.0090231234736262 1
"HEPACAM2" 158.132697704407 -3.86360394572449 0.833360666679494 -4.6361726683345 3.54919520642219e-06 0.00100095492445496 -1
"HMGA2" 50.3856980068543 -2.68532085637557 0.62121094590439 -4.32271980086595 1.54117415612308e-05 0.00277185810420771 -1
"HP" 923.374265464493 -5.15594851369655 0.723119546453163 -7.13014679106106 1.00261943104227e-12 1.10899735267585e-08 -1
"HPD" 522.465727161671 -2.32790645146675 0.532341471064017 -4.37295716753732 1.22574779802579e-05 0.00237859585859005 -1
"HPR" 12.0712678032158 -3.30253363416802 0.703767170994242 -4.69265087983912 2.69687499107395e-06 0.000826211205777683 -1
"HRG" 111.499467115614 -3.26811942038736 0.836555282395918 -3.90663891455849 9.35888483513152e-05 0.00869904413120922 -1
"HS3ST3A1" 40.202273063848 -1.85568636877743 0.4089735780116 -4.53742361010127 5.69456475400149e-06 0.0013843424339343 -1
"HS6ST2" 166.067979003387 -3.09218625883932 0.63322601896003 -4.88322678830811 1.04363719608831e-06 0.000434110282589232 -1
"IGF2" 4355.38509479992 1.916879206434 0.478364146829354 4.00715484038523 6.14545762909257e-05 0.0065754562823564 1
"IGFBP1" 376.160432616998 -2.9615715705913 0.583995208140685 -5.07122580683548 3.95261442567173e-07 0.000208189848392167 -1
"IL20RB" 1281.61790998458 -3.26841747336068 0.586044564042949 -5.57708009577435 2.44589269569155e-08 2.59579808896051e-05 -1
"INHBE" 179.353995508286 -2.23201940844511 0.464974641283477 -4.80030352254056 1.58425336771383e-06 0.0005940144576367 -1
"INPP5J" 406.441283099969 -2.65520986827512 0.476896701914105 -5.56768343672328 2.58148259457243e-08 2.59579808896051e-05 -1
"INSRR" 41.4424593392555 -2.5036436374614 0.566527961731207 -4.41927637571624 9.9031935181604e-06 0.00206677780196929 -1
"INSYN1" 186.598572489455 -1.58093063833567 0.369104563656002 -4.2831511555329 1.84264899206493e-05 0.00311108726713591 -1
"IRX2" 141.600608179625 -2.01681067908864 0.491999598893205 -4.09921203924887 4.14559106462407e-05 0.00515152537982459 -1
"ISM1" 237.786602321886 -1.32496703881652 0.334803806010685 -3.9574431802434 7.57562998316794e-05 0.00772295329436134 -1
"ITIH1" 27.0055786417875 -2.65797950164651 0.572802713459677 -4.64030536027413 3.47894717943457e-06 0.000999497006538332 -1
"KCNJ13" 194.523117059457 -3.46893490823404 0.606999583390833 -5.71488844993238 1.09776011143211e-08 1.42850877559419e-05 -1
"KCNJ5" 816.052646939453 1.24710984613515 0.305752639524931 4.07881955842759 4.52649515820286e-05 0.00547186480271932 1
"KCNS1" 128.810909517553 -2.91742895800866 0.68588438589218 -4.25352875501568 2.10427902484146e-05 0.00334898277608221 -1
"KLB" 62.7518240836222 -1.6686022839162 0.416642118428987 -4.00488143207393 6.20485956775158e-05 0.00659922612297117 -1
"KLK1" 359.486103326511 -4.29472769665609 0.822798628352386 -5.21965830844428 1.79253535859608e-07 0.000110151297785729 -1
"KLRG2" 38.3573105755897 -3.73885650761273 0.626760278306498 -5.96536927597756 2.44081394530946e-09 4.49964050817798e-06 -1
"KRT15" 48.746985387016 -2.52215251790586 0.582221929860021 -4.33194352282855 1.47798858747419e-05 0.00272467196100867 -1
"KRT20" 22.8106600644053 -3.31077193634706 0.777475434580743 -4.25836211549554 2.05930176733463e-05 0.00330115026789686 -1
"KSR2" 138.561520154914 -2.12059412076847 0.514597433673834 -4.12087970518826 3.77428468662641e-05 0.00500664669512504 -1
"L1CAM" 1597.1631022564 -2.72024490684339 0.588483611351447 -4.62246501749875 3.79206775404045e-06 0.00102287350570271 -1
"LAMA1" 2108.55869350884 1.01940247431469 0.262783986120082 3.8792412329451 0.000104782801943811 0.00929058187587937 1
"LAMB3" 1499.02841548558 -1.72850392924643 0.388157770512551 -4.4530962937158 8.46407717907022e-06 0.00182747765253912 -1
"LBP" 625.501810231791 -4.33650002176114 0.640941311969569 -6.76583010141033 1.32547014829349e-11 9.77401687351621e-08 -1
"LGR5" 80.13643129037 -3.21693889276175 0.603345471034046 -5.33183565171773 9.72249121041365e-08 7.10940123756402e-05 -1
"LHX1-DT" 107.22123614695 -3.50241021546698 0.859755546875181 -4.07372796627674 4.62665202941282e-05 0.00555235510213142 -1
"LINC00488" 29.0049322907708 -3.16511773973049 0.653621599465687 -4.84243137362331 1.28259939688365e-06 0.000497783576453686 -1
"LINC00648" 8.65012745544729 -2.9601017687353 0.729714124406051 -4.05652250618647 4.98087649136833e-05 0.00575426804961969 -1
"LINC01234" 90.8886850609439 -4.13034989037553 0.708573818592041 -5.82910316751847 5.57260456953262e-09 8.32237122371615e-06 -1
"LINC01257" 4.20883622474081 4.52783059216604 0.736831447456652 6.14500182883741 7.99625934574489e-10 2.52704641780812e-06 1
"LINC01589" 9.61102526071351 -1.89199796550202 0.484080667688722 -3.9084352914474 9.28958207583267e-05 0.00869904413120922 -1
"LINC01612" 13.0508989036294 -4.39185953283449 1.11733695380338 -3.93064913666797 8.47168249696e-05 0.00832935823101107 -1
"LINC02303" 25.6661322203209 -3.96838536063439 1.0131223852858 -3.916985172048 8.96632615469633e-05 0.00862404639974749 -1
"LOC105371267" 255.854068929658 -1.93876163338052 0.457487596300798 -4.23784524226921 2.25675233592213e-05 0.00353404054807898 -1
"LYPD8" 54.7081327222941 -2.88434346034024 0.48155292594261 -5.98967071935929 2.10266312613747e-09 4.49964050817798e-06 -1
"MAB21L4" 171.772736917805 -2.85143149644972 0.636969941963978 -4.47655581307002 7.58568438969706e-06 0.00171235214355998 -1
"MAGEL2" 26.2731810177223 -2.13825541773689 0.545792768634682 -3.91770565792911 8.93957687855721e-05 0.00862404639974749 -1
"MAL" 4089.98892050548 -2.07556869473517 0.53360487145621 -3.88971091862585 0.000100363706228608 0.00915251927002384 -1
"MEGF6" 1503.92458152239 -1.1121905582622 0.258268619870472 -4.3063325262666 1.65983487143736e-05 0.00293750936207498 -1
"MFSD2A" 306.413935802779 -1.69383156584793 0.41064718160349 -4.12478556222858 3.71080328023276e-05 0.00497517516153389 -1
"MMP13" 17.866936705458 -4.54640090491638 0.877563321310896 -5.18070980692882 2.21043146938604e-07 0.00013215990531286 -1
"MMP7" 6686.81595767491 -2.01528928728891 0.496878726669 -4.0558977052592 4.99421148868538e-05 0.00575426804961969 -1
"MOGAT2" 17.1045099755228 -3.08662037060601 0.704836858919853 -4.37919829467516 1.19116708110857e-05 0.00233194674055609 -1
"MS4A10" 9.38778981195091 -2.94097202323027 0.729791240014193 -4.02988123449259 5.58050411042003e-05 0.00620361366485989 -1
"MSLN" 474.708804457145 -3.4597820927541 0.515206375149533 -6.71533245633838 1.87637913389601e-11 1.03773148000119e-07 -1
"MT1G" 2076.16184430243 -2.87608509512441 0.600909312437455 -4.78622154058191 1.69950456000366e-06 0.000616335079941 -1
"MTRNR2L1" 1003.59891021388 -6.52332131250161 0.70810809188012 -9.2123242020598 3.19138516193674e-20 7.05998225523646e-16 -1
"MTRNR2L10" 15.1572451412621 -1.60600441127183 0.376391957616805 -4.26684040073689 1.98260887693845e-05 0.00327308011758451 -1
"MYO3B" 352.516254076946 -3.15317592840428 0.578357083271231 -5.45195350694018 4.98194827584584e-08 4.5921108232609e-05 -1
"NAT8L" 212.357933399446 -2.40515260088384 0.552093422881336 -4.35642320883215 1.3220504498093e-05 0.00249969231202405 -1
"NKAIN4" 901.870631789108 -2.44560334226345 0.549330995663382 -4.4519667769886 8.50873330673217e-06 0.00182747765253912 -1
"NMRAL2P" 50.5359385615863 -2.44532898679193 0.558289005414244 -4.38004145357927 1.18656734152526e-05 0.00233194674055609 -1
"NMRK2" 42.6079704548858 -3.45164359002322 0.783727532391432 -4.40413721270073 1.06205709169122e-05 0.0021816617811384 -1
"NPSR1-AS1" 10.5122126433583 -3.52947362760904 0.82022688854831 -4.30304550714709 1.6846623078926e-05 0.00295778568057144 -1
"NTNG1" 98.8192251637268 -2.69219577196464 0.665681129673522 -4.04427232793124 5.24858836630534e-05 0.00595432163279009 -1
"NUPR2" 27.2079743587611 -3.71704741957477 0.78279796761994 -4.7484121999911 2.05019856322107e-06 0.000680864786890379 -1
"ODAM" 10.1434608210589 -5.59959776186732 1.43071698156609 -3.91384028708311 9.08397318919871e-05 0.00862470621851734 -1
"OOEP" 10.995327259018 -2.83733428782032 0.683465700870632 -4.15139235839631 3.30458680609323e-05 0.00456707682291865 -1
"OR7D2" 9.69201390790602 -2.35776103705974 0.522863514228013 -4.50932408343864 6.50344962816203e-06 0.00153052460291703 -1
"OVCH2" 51.0798359641064 -3.07568461342443 0.685259522485149 -4.48835005206525 7.17769184282515e-06 0.00163695772110287 -1
"OXGR1" 40.8683569700073 -2.58035944439268 0.546356285999716 -4.72285120628048 2.32560999825064e-06 0.000732495489640739 -1
"PAK6" 10.5110534345947 -2.32303141043614 0.597594442404533 -3.88730424113215 0.000101363675126835 0.00915251927002384 -1
"PAPPA2" 705.989737452366 -2.4939208531063 0.585256449021853 -4.26124454890574 2.03291631778094e-05 0.00330115026789686 -1
"PGLYRP1" 7.15513285298703 1.5007833913686 0.333062918006555 4.50600565307923 6.60593280688154e-06 0.00153827837425088 1
"PI3" 34.6733392410733 -2.50608084545014 0.574447481124061 -4.36259349687864 1.28529628095632e-05 0.00246210959080989 -1
"PIK3C2G" 63.7350493333964 -3.53079618710398 0.741548736600254 -4.76138116463048 1.92272505357688e-06 0.000664601931800435 -1
"PITX1" 88.5499691073683 -3.20685643137027 0.657112872994224 -4.88022159230849 1.05966708524629e-06 0.000434110282589232 -1
"PKP3" 144.702686794237 -2.16321649396328 0.528016856423454 -4.09687014277521 4.18773658453835e-05 0.00515152537982459 -1
"PLA2G4F" 225.665328117025 -3.9005876752828 0.817016370214 -4.77418546003078 1.80436047730041e-06 0.000633588293314915 -1
"POU3F4" 11.6341712650711 -3.92452177141963 0.973150268461102 -4.03280140653477 5.51158554176447e-05 0.0061892028098941 -1
"PPP1R1A" 2454.95284977487 -2.91423465292983 0.629139058613427 -4.6320993952475 3.61976285852983e-06 0.00100095492445496 -1
"PRDM16-DT" 157.406413536274 -2.31811273001411 0.597643551209311 -3.87875469470638 0.000104992562560792 0.00929058187587937 -1
"PROM2" 1377.87277557292 -3.76428650845301 0.580973258458274 -6.47927671996863 9.21633407563627e-11 4.07767484842451e-07 -1
"PRSS3" 24.6171248543469 -2.58154665326441 0.574487482403394 -4.49365170232151 7.00121046606416e-06 0.00161334143677366 -1
"PTPRH" 70.0724656309285 -1.85395386372865 0.448935822438889 -4.12966346427172 3.63294625495498e-05 0.0049305544203751 -1
"PVALB" 311.500456531627 -4.32205674038767 0.723184173192918 -5.97642606212665 2.28086000979367e-09 4.49964050817798e-06 -1
"RAB3B" 138.843742683011 -2.16972695876422 0.545070239459024 -3.98063735954039 6.87307349724996e-05 0.00710495943486746 -1
"RANBP3L" 170.079905709181 -2.38678502776114 0.503708356083097 -4.73842650997712 2.15384111857287e-06 0.000690540191667668 -1
"RDH8" 5.92171244654935 -3.17320362390644 0.816263836605114 -3.88747299782871 0.000101293251640805 0.00915251927002384 -1
"REEP2" 86.2266049979804 -1.54306104099783 0.384471095890749 -4.01346436049463 5.98340401916157e-05 0.00652043663605381 -1
"RHAG" 2.70519756164465 -2.97864537383099 0.692822873565688 -4.29928844366969 1.71347348459882e-05 0.00298468192333032 -1
"RHBG" 133.889820131314 -3.9309568256825 0.768907045023669 -5.11239538137083 3.18099162297967e-07 0.000180435632521939 -1
"RHCG" 815.925407790064 -4.17575052737618 0.796745423388883 -5.24100974388408 1.59700281305121e-07 0.000100939703515197 -1
"RHOXF1P1" 14.2087407803654 2.88849078232671 0.646937657826906 4.46486728262085 8.01183996254277e-06 0.0017548309272413 1
"ROS1" 19.5722356460288 -3.38869139626485 0.76347300175455 -4.43852158292074 9.05789027646965e-06 0.00192671777592367 -1
"SAA1" 837.61393428269 -4.11490933882384 0.682442538057829 -6.02967885110812 1.64285814533895e-09 4.49964050817798e-06 -1
"SAA2" 170.151870384946 -3.56201921600403 0.658690057707836 -5.40773186770032 6.38278833063368e-08 5.2296312388992e-05 -1
"SAA4" 12.7155955568852 -3.16439826274743 0.813663242202495 -3.8890760926864 0.00010062656689149 0.00915251927002384 -1
"SCN7A" 43.6882422211367 -2.54334896359832 0.60517745901819 -4.20264986029805 2.63808484862858e-05 0.00394322385279469 -1
"SERPINC1" 18.6334853466481 -1.73442411125275 0.397656162636882 -4.36161758377308 1.29104381400392e-05 0.00246210959080989 -1
"SFRP1" 3176.8736988172 -2.52167584007697 0.588057215507464 -4.28814709449809 1.80169770101199e-05 0.00308970205750289 -1
"SLC13A2" 247.819884666896 -2.5414533521117 0.609534554770111 -4.16949840205568 3.05270756224021e-05 0.00438519459038169 -1
"SLC13A3" 1834.02747089403 -2.79511804952773 0.615675553804855 -4.53992046988708 5.62754508054988e-06 0.00138325058079916 -1
"SLC26A7" 533.523300040953 -3.28347044225009 0.593362232345505 -5.53366942360123 3.13599772931827e-08 3.01628442469473e-05 -1
"SLC2A12" 149.197312911088 -2.24602497133859 0.468315042779978 -4.79597016146629 1.61889379189255e-06 0.000596886141070783 -1
"SLC30A2" 291.420994612501 -2.82815008650631 0.607720451286883 -4.65370234047174 3.26027359356536e-06 0.000961650299158037 -1
"SLC34A2" 4305.24601380103 -2.59298223818076 0.605083909749799 -4.28532670659338 1.82470836303134e-05 0.00310509218515226 -1
"SLC36A2" 259.464135558782 -2.87079067906621 0.691505315346828 -4.15150920080253 3.30289983760154e-05 0.00456707682291865 -1
"SLC4A11" 244.324014389212 -1.85375197373583 0.390737228060633 -4.74424201383794 2.09288515995596e-06 0.000680864786890379 -1
"SLC4A9" 60.2786451445959 -2.43133006620919 0.600835175245545 -4.04658409890128 5.1970458666469e-05 0.00592623962175066 -1
"SLC52A1" 47.71066431741 -1.89651624340725 0.452884198482149 -4.18764057073191 2.81869440254689e-05 0.00412948063398294 -1
"SLC9A2" 259.573920005767 -3.2856437778367 0.663816333267566 -4.94962780090611 7.43555394375723e-07 0.000335692498660811 -1
"SLC9C2" 15.1554930025601 -2.04983739977989 0.499410188809422 -4.10451657918041 4.0516121630907e-05 0.00515152537982459 -1
"SLCO1A2" 47.7313625263767 -3.80103696731633 0.676029607373944 -5.6225894929093 1.88116056924204e-08 2.19026495330381e-05 -1
"SLN" 19.0381506178609 -2.60498778488398 0.648337995306091 -4.01794712594953 5.87073656300124e-05 0.00642932842805512 -1
"SLPI" 1344.98380440917 -2.69601814251622 0.655992580979198 -4.10983023389057 3.95950101738153e-05 0.00515152537982459 -1
"SMCO3" 89.8626506102602 -1.97875713370071 0.411987423059917 -4.80295519461264 1.56340879047239e-06 0.0005940144576367 -1
"SMIM5" 364.902092355295 -2.04126980652184 0.46901941709888 -4.35220746114972 1.34773637941094e-05 0.0025266630665533 -1
"SNORA28" 3.62885034114735 2.38539788434801 0.409369372734649 5.8270062276843 5.64305073482245e-09 8.32237122371615e-06 1
"SPTBN2" 2114.98944858645 -3.68752434083915 0.594851394382037 -6.19906816335186 5.67984309696792e-10 2.09415814985207e-06 -1
"SRARP" 13.2535947720897 -2.82222895139842 0.678687071876951 -4.15836556838098 3.20532775368312e-05 0.00452086174551168 -1
"SSTR5" 13.7417352740461 -2.73999432380783 0.683274385072006 -4.01009372467414 6.06946508496883e-05 0.0065754562823564 -1
"SSTR5-AS1" 17.987136672461 -3.16968577810179 0.682620811308672 -4.64340630345725 3.4271144924293e-06 0.00099756087896738 -1
"STAP1" 114.773404747135 -2.00790523417226 0.480476900079535 -4.17898390919498 2.92814399797544e-05 0.00423375173354332 -1
"SULT2B1" 59.8852102195424 -2.01619608467612 0.456163081084965 -4.41990193480955 9.87457008060909e-06 0.00206677780196929 -1
"SYN2" 67.5907138440877 -1.5558828453996 0.37902834017796 -4.10492483139673 4.04446369507747e-05 0.00515152537982459 -1
"SYT3" 27.5097204271558 -1.66380544534558 0.403852206123207 -4.11983745568047 3.79139769307358e-05 0.00500664669512504 -1
"SYT5" 17.9085244030378 -1.60884395897005 0.396147312653347 -4.06122648717269 4.88155852766924e-05 0.00574363162357079 -1
"SYT7" 273.850787067527 -2.05831843542088 0.445525245182572 -4.61998160076743 3.83774075460288e-06 0.00102287350570271 -1
"TBC1D3D" 5.28445082259142 -5.08238311200877 1.19605809186904 -4.24927781230652 2.14460810498435e-05 0.0033887871784617 -1
"TDRD5" 27.6873452261318 -2.48757073120823 0.604012569778369 -4.11840888033339 3.81497360053635e-05 0.00500664669512504 -1
"TF" 499.771660942341 -3.15409824145557 0.545882663109291 -5.77797840929798 7.56035072141571e-09 1.04531299161974e-05 -1
"TMC3" 11.9006217239151 -2.02965502886842 0.506543360379676 -4.00687322670088 6.15278659455643e-05 0.0065754562823564 -1
"TMEM213" 1376.5976435053 -3.92118604144122 0.800437639012568 -4.89880266784862 9.64224210440357e-07 0.000418246431046305 -1
"TMEM30B" 846.711783274195 -2.37286601512003 0.478310730431048 -4.96092992306828 7.01565004494814e-07 0.000326541396774497 -1
"TMPRSS2" 951.038816566284 -4.05645152954273 0.675499157775789 -6.0051170794933 1.91193887338608e-09 4.49964050817798e-06 -1
"TNNT1" 47.9063342840402 -2.86598669440946 0.542062070052722 -5.28719283776987 1.24207682047808e-07 8.32643134018669e-05 -1
"TNS4" 64.8924309482331 -1.67426292941768 0.42537481510622 -3.93597098361266 8.28609850104397e-05 0.00825698518198625 -1
"TPSG1" 228.279583182047 -2.74531418704441 0.56114876392816 -4.89231085145163 9.96588767563511e-07 0.000423971859923846 -1
"TRIM29" 218.300517054821 -1.94408426525911 0.494460040812569 -3.93173179791092 8.43361245406084e-05 0.00832894529949705 -1
"TRIM54" 124.644357277978 -2.57701008369334 0.484458083512285 -5.31936646615578 1.0412920643583e-07 7.19858220241701e-05 -1
"TRIM63" 82.4054931113417 -3.11168625190577 0.58409034570333 -5.32740572549414 9.96254580799587e-08 7.10940123756402e-05 -1
"TSKU" 2952.19829111413 -1.38511146089043 0.352116652636787 -3.93367212404802 8.36578818405888e-05 0.00829901193756729 -1
"UGT1A8" 17.6662667669923 -2.54727550791304 0.601467028301002 -4.23510415044442 2.28445799826098e-05 0.00353404054807898 -1
"UGT2A1" 15.0760646196338 -3.77732532489823 0.908416521532432 -4.15814247689613 3.20845897317301e-05 0.00452086174551168 -1
"UGT2B4" 8.36285419608338 -2.96827030140723 0.720836132196036 -4.11781564329241 3.82480468075279e-05 0.00500664669512504 -1
"VGLL1" 14.1937995942799 -4.36223160860199 0.963886933277606 -4.52566733503549 6.02052214156778e-06 0.00143210742812648 -1
"VNN2" 524.203258097782 1.30880423519697 0.297773009138111 4.39530849013227 1.10615549088952e-05 0.0022245792517689 1
"VSTM2L" 41.3018693877722 -1.8455170269437 0.45376475069572 -4.06712294005676 4.7597135569783e-05 0.00563071568489166 -1
"VTCN1" 330.8098911476 -2.85005302890307 0.615236917724384 -4.63244799977989 3.61367118794416e-06 0.00100095492445496 -1
"VTN" 62.7140841300382 -1.58660490144107 0.367502176486022 -4.31726668019181 1.57973252788185e-05 0.00281829378885503 -1
"VWA5B1" 41.9965655204887 -2.44688786188097 0.598559622944528 -4.08796010971114 4.35182958989964e-05 0.00531884940263866 -1
"VWC2" 25.3669808582164 -2.78148817657228 0.631651275288378 -4.4035186587764 1.06509118688612e-05 0.0021816617811384 -1
"WFDC12" 5.59607578626037 -3.47101207156451 0.883927324378568 -3.92680707546263 8.60809722545542e-05 0.00842603216024446 -1
"WT1" 306.101515117173 -2.57365788242001 0.542231019562609 -4.74642318415508 2.07045302989658e-06 0.000680864786890379 -1
"WT1-AS" 33.4836062889437 -2.14892040951766 0.553832637559679 -3.88008987514048 0.000104417874117664 0.00929058187587937 -1
"XDH" 39.092369943328 -2.36151891021331 0.576215169732355 -4.09832825350678 4.1614484548377e-05 0.00515152537982459 -1
"ZNF114" 53.8860949221004 -1.32078071719432 0.325361503718845 -4.05942529186135 4.91936436613888e-05 0.00574363162357079 -1
