baseMean log2FoldChange lfcSE stat pvalue padj
ABCA13 38.5274768190327 -2.20212102788805 0.590736579321784 -3.72775464559224 0.000193193320066743 0.014512977359875
ABCA17P 147.294460829809 -1.49676156058804 0.396069424641014 -3.77903838940524 0.0001574351539739 0.0128009747282397
ABCA4 125.211189944089 -1.81251300837202 0.438334329500438 -4.135001268182 3.54952675282104e-05 0.00465418250286564
ABCB5 33.5001969568404 -3.04528110554352 0.691350238813786 -4.4048312050468 1.0586627848788e-05 0.00216601636994615
ACOT12 21.1598298313492 -2.38113820867136 0.658276210055534 -3.61723266358127 0.000297769623813741 0.0194324464418042
ACPP 220.011554072789 -2.12226789173424 0.52155295952332 -4.0691321043867 4.71885873568815e-05 0.00567180604147851
ACSM1 103.156973919613 -1.11144594355276 0.335529743654083 -3.31251093106849 0.000924625126648161 0.0414940108386812
ACTL8 3.81823681330744 -3.70229785014597 1.08644538755539 -3.4077164784845 0.000655089226042912 0.0334265457675434
ADAM7 20.619286301964 -2.76857532528263 0.708804333517297 -3.90597968207128 9.38443973782947e-05 0.00894415655189165
ADGRB2 284.285551807352 -1.32135286801578 0.385464267795532 -3.42795163757355 0.000608153789366019 0.0320912371534971
ADGRF1 650.530985409575 -4.12339227573685 0.758882933244183 -5.43350244827561 5.5258525171966e-08 5.23583909081221e-05
ADH1B 1917.90552022221 -1.7120000219513 0.517627916710915 -3.30739507410961 0.000941679817124946 0.042006686275254
ADH1C 134.79948814912 -3.13031160969537 0.585692364996259 -5.344634481816 9.05996904554591e-08 6.75904932070296e-05
ADH4 9.59429990393187 -2.24432060605592 0.662241585808653 -3.38897564597278 0.000701542410114122 0.0348992759126972
ADRB1 27.1714224671275 -1.26702437970511 0.382330855282946 -3.31394749389883 0.000919887794146085 0.041375826250209
ALDH1A2 1159.11694297875 -1.91526837558461 0.481378185409442 -3.97871867408273 6.92876670096711e-05 0.0074209835433378
ALDH1A3 1073.61191540789 -1.58210239958406 0.398836041142842 -3.96679897596675 7.28443822459653e-05 0.00761346961300222
ALPI 811.650069547306 -2.21324552863918 0.618249948118628 -3.57985558328669 0.000343784150753162 0.0210106500043634
ALS2CL 914.649835424763 -1.13413714967202 0.318781192261391 -3.55772917977565 0.000374074689498989 0.0222950575958971
ALX1 26.9923368386546 -2.16062761943946 0.574265698746262 -3.76241803081143 0.000168278469495441 0.0134037022201188
ANGPTL1 304.416461013601 -1.56699369369188 0.451027790731337 -3.47427304014021 0.000512239501833852 0.0281276690918157
ANGPTL7 26.1720858925097 -2.05350249578539 0.60635973868736 -3.38660759408398 0.000707625227492567 0.0348992759126972
ANGPTL8 45.7601435353299 -2.36127351814709 0.511050105890819 -4.62043445628706 3.82937307916761e-06 0.00119424157223617
ANKRD2 75.5928286103361 -2.33760857733452 0.532638387358678 -4.38873470785044 1.14012045542632e-05 0.00223028263783646
APBA2 260.304751995613 -1.19736752546116 0.368886398101471 -3.2458977387716 0.00117080887707896 0.0486189060568202
APCDD1L 247.221004309974 -2.04236646435119 0.546727398115365 -3.73562120974999 0.000187252357007083 0.0143659742689654
APELA 21.1124252693233 -2.87170909314565 0.796482922491987 -3.60548733946589 0.000311567681372216 0.0198842678067489
APOC3 33.0375326413376 -2.85385979680495 0.770142563628485 -3.70562533689755 0.000210869819357058 0.0153092904086911
APOH 104.807531766893 -2.31796128017937 0.621242000806607 -3.73117283952112 0.000190590403356427 0.0145009438661424
AQP2 5930.61955067972 -3.85224089438254 1.1795407078204 -3.26588210889376 0.00109123669522228 0.0463829192556662
AQP4-AS1 31.5388252590784 1.1791554609353 0.337660588070626 3.4921323441179 0.000479180761901501 0.0267883095187053
AQP5 12.1434139458871 -2.02898185122214 0.558087718533071 -3.63559667027847 0.000277337965443125 0.0185191570443272
AQP6 260.544187691458 -2.68681646517566 0.692604706327373 -3.87929282118635 0.000104760583975206 0.00972744735752611
ARSI 64.8459965263151 -2.08665899348307 0.482222990359503 -4.32716613516796 1.51040038122779e-05 0.00270062084693084
ARX 40.6986543297949 -3.61461322207796 0.788851513197287 -4.58212117439898 4.60283034791295e-06 0.00126435254603985
ASB5 11.8395361234787 -2.58770613399003 0.585794988128801 -4.41742620956166 9.98831532248947e-06 0.00211860001962804
ASTN1 21.0315010677829 -1.5351669346724 0.410551701316229 -3.73927797583264 0.000184549564243165 0.014249939007873
ATP2B3 11.8303659392795 -2.02696271670482 0.619885884512528 -3.26989655249015 0.00107586821238255 0.045951374383216
ATP6V0A4 1228.70943643122 -3.86961757534882 0.78872629753371 -4.90616020722123 9.28766717763106e-07 0.000410078937526629
ATP6V0D2 711.068734479506 -2.78270063084221 0.736049524267516 -3.78058885862529 0.000156457864762797 0.0127785655054619
ATP6V1B1 663.192871309608 -2.78622600738532 0.585115838950933 -4.76183658330084 1.91839005305852e-06 0.000693277990671673
ATP6V1C2 245.799923522688 -1.4123083446932 0.350556114084663 -4.02876540430874 5.60705359631775e-05 0.00638466339770182
ATP6V1G3 63.0605203537641 -4.26623288161521 1.24865490096084 -3.41666290528501 0.000633937227695734 0.0329693075028779
AVPR2 193.803412714319 -1.65983168163429 0.437689208422004 -3.79226092326667 0.00014928194276521 0.0124022620306926
B3GALT5 281.502637393033 -2.03545444886633 0.546778235893945 -3.72263253225231 0.000197156360358753 0.0146729815633739
B3GNT6 1.45499258166075 -2.58636850661835 0.663022797922867 -3.90087417012053 9.58459621005283e-05 0.00909109279860788
B4GALNT4 182.233680620839 -2.04001030310841 0.550340587122243 -3.70681419986797 0.000209882804755797 0.0152889376460999
BARX1 5.28768561080758 -2.09008335606434 0.598171953542659 -3.49411794332026 0.000475630842620613 0.0267279825457064
BCAS1 83.700436747538 -1.88407641670272 0.512156342359565 -3.67871343352415 0.000234413475180231 0.0165736455409291
BMPR1B-DT 4.0565128288522 -3.633151001704 1.07554867870511 -3.37795124817417 0.000730280263394478 0.0357457318971483
BNC1 34.6401530078374 -2.34254136486354 0.51178627107008 -4.57718680097765 4.71270606068942e-06 0.00127036767290283
BRINP2 12.75937151985 -2.13197604812205 0.574169211183859 -3.71314937581938 0.000204695986658476 0.0150121954961225
BRINP3 20.735060777349 -3.91006112960032 0.978499526346771 -3.99597651743229 6.44281205590651e-05 0.00707564664109326
BRS3 7.38118014381762 -2.41395531814289 0.712512885609314 -3.38794619283069 0.000704180772507793 0.0348992759126972
BSND 170.412221666313 -3.84508160056615 1.09035280456845 -3.52645637673944 0.00042116054044816 0.0242981554469225
C10orf71 4.88613100931581 -4.21330404209993 1.18797653497504 -3.54662227582506 0.000390203615968654 0.0229403674768528
C11orf16 10.8758396953426 -1.40285026144629 0.369571087883168 -3.79588746912412 0.000147116223772847 0.0123366647338199
C15orf56 20.0021245227186 -2.19960189341964 0.595988398363746 -3.69067904586486 0.000223656195951236 0.0159696429023267
C16orf89 313.801679442005 -2.01624842038688 0.502932184585503 -4.00898666298041 6.09798600864531e-05 0.00674299795739342
C1orf143 2.72786215081398 -1.72734950668734 0.509604120383022 -3.38959093460439 0.000699969889719181 0.0348992759126972
C1orf158 1.93396926086402 -2.35704435792049 0.715749111601399 -3.29311531054073 0.000990838289008491 0.0434049386848729
C1orf87 3.49581617530126 -2.70954479336931 0.6880869892074 -3.937793964816 8.223415675402e-05 0.00825316424484656
C4BPA 26.5250440835839 -3.09966087861252 0.578328726260265 -5.35968686642342 8.33663231870552e-08 6.44153715054264e-05
C6orf118 3.5118979752055 -2.27057335678282 0.689742319056492 -3.29191539224209 0.000995075432414232 0.0434918322833978
C8G 52.8001832764468 -1.18284751274017 0.345538878353919 -3.42319659765937 0.000618892984140245 0.0324207014815356
CA1 18.4264475217821 -2.00890848050453 0.487787169854904 -4.11841189078855 3.81492377272236e-05 0.00491284975136001
CACNA1G 8.89041682908973 -1.33275113680162 0.411189496555089 -3.24120909694265 0.00119023844861596 0.0490491596872503
CADM3 680.190205526713 -2.64991681042504 0.516182876470005 -5.13367825865688 2.84133660611546e-07 0.000170756437425856
CALB1 355.202116917527 -2.38492688752491 0.650184046110344 -3.66807967958069 0.00024437903305701 0.0169459627570142
CALCA 17.9563241589873 -2.86610046453074 0.823584703197707 -3.48003120189413 0.000501355390003804 0.0276704690375824
CAMK2A 29.2289088244763 -1.53682860688407 0.447145919222155 -3.4369733476658 0.00058825348525294 0.0313469560429738
CASC9 21.0670739234527 -4.00187238827496 0.909047601728903 -4.40226934284174 1.07124451853126e-05 0.00216601636994615
CCBE1 183.92601923937 -2.72200950517736 0.564282088210515 -4.8238453107905 1.40816644660861e-06 0.000574824171176931
CCDC146 1413.74039437133 -1.36894470179008 0.352525756016165 -3.8832473327915 0.000103070629669001 0.00965338992592571
CCDC78 123.000753754897 -1.65926546021264 0.431812715518751 -3.84255812897799 0.000121758564023192 0.0107520266638439
CCL13 40.822434182632 1.58483177877138 0.442677995105707 3.58010065170043 0.00034346188397493 0.0210106500043634
CCL7 6.86413119158822 -2.05795110808501 0.579362047657375 -3.55209858223583 0.00038217164818171 0.0225909388207959
CCNA1 27.7001470704438 -1.77025510313439 0.517987823684457 -3.41756122864536 0.00063184879963234 0.0329398765784233
CCNO 81.0288248853243 -1.8770356437062 0.547275797907803 -3.42978010517179 0.000604070580847509 0.0319537090871292
CDC20B 25.6004988995852 -1.62281142692465 0.410381009103312 -3.95440186296756 7.67263561099756e-05 0.00786800809628458
CDH10 7.20586092253884 -2.44812824198885 0.605450746981622 -4.04348042213773 5.26635555817819e-05 0.0062320816569597
CDH12 6.7146273279362 -1.87089451906348 0.556144309758209 -3.36404506211145 0.000768090010545864 0.0367646623410614
CDH17 62.0335682987098 -2.19930256615946 0.447526087265084 -4.91435612077904 8.90747112566077e-07 0.000401485703757648
CDH18 4.40532601724637 -2.58577954566388 0.761920447807713 -3.3937657836904 0.000689386257062135 0.0347666006329587
CDH19 13.0802097914168 -3.10892679071567 0.736563517390206 -4.22085362268719 2.43378941531949e-05 0.0037295436504681
CELF5 71.0527737096311 -1.80259754829956 0.540903046111009 -3.33257052490256 0.000860476586931404 0.0395252886587281
CES5A 5.84685785245386 -3.62457986928564 0.766365219628904 -4.72957250205165 2.24993097017995e-06 0.000762600014480008
CFAP47 44.802286033681 -2.69197056781737 0.606559169119564 -4.43810052649082 9.07562329610556e-06 0.00196351110011244
CHAC1 169.475643993816 -1.2424066609997 0.362198855743888 -3.43017831585369 0.000603184714117313 0.0319537090871292
CHL1 865.059762053739 -2.31715812370691 0.483821479768456 -4.7892832803038 1.67378055797218e-06 0.000635302497749614
CHL1-AS2 9.26439507183315 -4.56856050737547 1.02145513437533 -4.47260026762639 7.72741466629458e-06 0.00179766254091702
CHRNB4 21.4068516961434 -1.67945528491959 0.417840195816699 -4.01937224262727 5.83534136169029e-05 0.00660982253194604
CKMT1B 40.5537540796529 -2.62573404176535 0.710333362493735 -3.69648137115129 0.000218608292336036 0.0157129249325254
CLC 3.80019147533734 1.99750700606102 0.587811866699057 3.39820803087612 0.000678288207022817 0.0343671319881467
CLCA2 5.08554069978756 -1.86257978523413 0.507667819906338 -3.66889472249347 0.000243601360261303 0.0169459627570142
CLCNKA 395.050336315517 -2.84800266631919 0.617571773773532 -4.61161404595472 3.99554343183214e-06 0.00120060530760678
CLCNKB 1164.27802396965 -3.4922839006543 0.699253400371399 -4.99430378000224 5.90483916663146e-07 0.000283277571418871
CLDN16 285.535544091665 -2.34853177929111 0.625910819981024 -3.7521827460377 0.000175301600430879 0.0138417887785477
CLEC3A 2.20377298508707 -3.18973132171224 0.79549838788455 -4.00972694639221 6.07890027195931e-05 0.00674299795739342
CLMP 390.379796933138 -2.27674707922113 0.506661358408482 -4.4936268405643 7.00202829486322e-06 0.00164661828434093
CLSTN2 925.862127862365 -1.66771470662315 0.419713600517163 -3.9734588170796 7.08364105483721e-05 0.00754892520489105
CNTN6 47.6456309314664 -1.70668125385426 0.505358444836977 -3.37716975206543 0.000732358379192539 0.0357665316790758
COL26A1 58.6251771631067 -2.19490249867988 0.607325169188346 -3.61404830564364 0.000301452859577463 0.0195267443621509
COL4A6 156.529815002389 -2.72906179821229 0.543979740175157 -5.01684455625784 5.2527032043546e-07 0.000258277804150481
COL7A1 502.02732298681 -1.76718315033506 0.438035215079713 -4.03434036693481 5.47558997830637e-05 0.00633499407383199
COLGALT2 157.190084572131 -1.47994273679515 0.383900734710203 -3.85501407782489 0.000115722969793297 0.0104055692071787
CORO6 125.314571779875 -1.80654866768787 0.43146826865449 -4.18697920317871 2.82691717004963e-05 0.00405035450159098
CPA4 164.414949595148 -2.47921927176806 0.594936364741584 -4.16720076078209 3.08362905996683e-05 0.00418836729888059
CPEB1 127.843072800362 -2.53256416660955 0.532963780665955 -4.75185042301567 2.01563462592952e-06 0.000714889428393198
CPN2 490.708696353986 -3.77995615788126 0.722466491775813 -5.23201588019698 1.67671341999611e-07 0.00011336154638005
CPNE7 156.799992525704 -1.68225711600336 0.442217402453781 -3.80414046726526 0.000142297420878439 0.012025799612129
CPXM1 427.714446640858 -1.75259079643813 0.446743047880455 -3.92303988781289 8.74386680808636e-05 0.00863806202707526
CRHBP 331.283543485354 -1.58998194456678 0.482805204868816 -3.29321624649592 0.000990482627408541 0.0434049386848729
CRP 77.4740397803639 -3.87111452405332 0.712623002065722 -5.43220540570806 5.56617975912553e-08 5.23583909081221e-05
CSMD3 5.50585699661238 -2.8637459405905 0.68784742807412 -4.16334469492546 3.1361936788475e-05 0.00418836729888059
CT75 28.9389267704786 -1.52420394863788 0.399256708711596 -3.81760385080692 0.000134754070585536 0.0116151566419047
CWH43 179.102754798071 -2.54880930870495 0.62197932915204 -4.09790034691314 4.16914686224811e-05 0.00518387887153666
CXCL5 165.988380068187 -2.51744797153823 0.595534897283471 -4.22720479189641 2.36612300033563e-05 0.0037295436504681
CYP17A1 387.0400013524 -1.83395388436397 0.544907728923316 -3.36562281468769 0.000763710606314971 0.0366848847660955
CYP26C1 11.677667048847 -1.85109315882213 0.45399044164138 -4.07738355047652 4.55453275405948e-05 0.00557063968822962
CYP2C9 152.712503980996 -2.1126821433754 0.554318401637025 -3.8113151884119 0.000138229381452098 0.0117278143832006
CYP4F12 145.13876931707 -1.32055054574894 0.37059196157698 -3.56335453184035 0.000366145635732897 0.0218827647212189
CYP4F3 498.308162574386 -1.68454205264054 0.518109775503051 -3.25132265841724 0.00114869413126593 0.048086532086432
CYSLTR2 1052.42157155678 -2.29283422437773 0.47296057718602 -4.84783369899335 1.24816963456803e-06 0.000519310577766911
DDN 50.4140449252245 -2.04290731763902 0.565867412804625 -3.61022259174405 0.000305934347486177 0.0197578794264581
DDX43 64.665905008384 -2.08251957909633 0.473038025869721 -4.40243588296615 1.07042229183995e-05 0.00216601636994615
DHRS2 100.113796284701 -2.03139145168692 0.547707219268709 -3.70890026682358 0.000208161394174595 0.0152147694694843
DIRAS1 115.344045459303 -2.75750768243413 0.538305022419094 -5.12257468830988 3.01391651948595e-07 0.000176232659186699
DLGAP2 25.1819850241976 -1.62748705181738 0.437998779254907 -3.71573421867967 0.000202614477321333 0.014910082370228
DLL3 4.65025399081118 -1.88367081660279 0.578968033502889 -3.25349709759648 0.00113993889817881 0.0478885010914537
DMBX1 4.18861750156915 -2.4642566336059 0.730887485102977 -3.37159505920217 0.000747342429009895 0.0363342774193912
DMRT2 208.696555634912 -3.60043643877973 0.829026876023337 -4.34296708937863 1.40571198686801e-05 0.00255567889377223
DNAJC12 258.773768442071 -1.38440399879133 0.335386358159757 -4.12778863871347 3.66268535493957e-05 0.00477362636470588
DNTT 5.05556335753256 -3.44473017983062 0.874216050961452 -3.94036482862805 8.13577836551676e-05 0.00822511985691379
DOCK3 79.9153009505649 -1.63857309459773 0.40810012686381 -4.01512517820058 5.9414252213478e-05 0.00669493409707602
DPP10 8.29359809840049 -2.57477264284871 0.717334741425638 -3.58936002141983 0.000331490771575916 0.0204324867323218
DPP6 139.517460377768 -1.97277851451995 0.53508357792893 -3.68686051281128 0.000227037720557417 0.0161577667245385
DPPA2 1.93875033907598 -3.17674638755086 0.884658683718329 -3.59092884749472 0.000329501588117505 0.0204324867323218
DPYSL4 87.8157620982651 -1.95732840427425 0.476557708827685 -4.10722220628684 4.00445947909892e-05 0.00503700469943635
DUSP9 289.808689141501 -2.45194768992423 0.731116212336136 -3.35370444335999 0.000797374840745376 0.0375026188685352
DYDC2 9.57317387644828 -2.09287835386301 0.617972003310052 -3.38668797721077 0.000707417946234536 0.0348992759126972
EDN3 6.31992036511376 -2.3504319583006 0.700453418798656 -3.35558638907326 0.000791969169134386 0.0373295271769552
EFNA2 5.8395735342441 -2.18577463336612 0.570567165379169 -3.8308805097706 0.000127685506260605 0.0111390158385008
EHF 228.739237690044 -2.58784072435393 0.635412507570087 -4.07269402714501 4.64724576233602e-05 0.00562660689330516
ELF5 88.9130204673505 -4.27377896762947 0.824572524046806 -5.18302374017361 2.18317237467634e-07 0.000134951240931779
ELSPBP1 2.32403547272744 -3.28582759375551 0.914504053314817 -3.59301588860686 0.000326872648264766 0.0203800857210611
EPB41L4B 264.578427381417 -2.94020539417755 0.564669033617809 -5.20695348802782 1.91966185718049e-07 0.000122152600823823
EPN3 196.485043235169 -2.24688429759401 0.632304932992251 -3.55348215766892 0.000380166984736184 0.0225909388207959
EPS8L3 285.523551510467 -1.98998262755278 0.607239534398193 -3.27709662304012 0.00104880471710151 0.045263005991327
ERBB4 535.80286460869 -2.18601772330175 0.649415722281766 -3.36612996621182 0.000762307825387338 0.0366848847660955
ERN2 10.3365712891029 -1.91632774731198 0.590054206933188 -3.24771474348453 0.0011633583912782 0.04849568168652
ERVMER34-1 105.721487149852 -2.07459213829172 0.571611889027574 -3.62937191845505 0.000284111656283096 0.0187974179929198
F2 119.541285487251 -2.4255066544788 0.67933909648596 -3.57039167482822 0.000356447841034317 0.0216015379293486
FAM151A 1200.64291650067 -2.24223459594878 0.550607316856067 -4.07229349720922 4.65524674786977e-05 0.00562660689330516
FAM153B 115.178895313672 -1.76183963811847 0.488643333627736 -3.60557387540398 0.000311463867641087 0.0198842678067489
FAM155B 136.578505501375 -1.46667222312964 0.414640602057229 -3.53721322960843 0.000404373054364623 0.0235177715891899
FAM167A-AS1 2.93727411728477 -3.31947488694954 0.889872574299202 -3.73028114678522 0.000191266221493845 0.0145009438661424
FAM245A 13.4673922418525 -3.25877791896739 0.851885133790247 -3.82537244718462 0.000130574528048428 0.0113393728159518
FAM3B 192.112173233672 -2.1808021997212 0.599832160537647 -3.6356873525529 0.000277240414042971 0.0185191570443272
FER1L6 41.1737201600459 -1.91643364949688 0.523061112343452 -3.66388095821299 0.000248422276721658 0.0170622728789621
FGA 1066.22942309439 -3.41458574358628 0.680045202687793 -5.02111584655044 5.13721625701745e-07 0.000258277804150481
FGFBP1 8.64128612925846 -3.55062994568163 0.863038729680237 -4.1141026741606 3.88688414418703e-05 0.00497590168399328
FGL1 7.330172377437 -2.582537011616 0.718666036489792 -3.59351476275404 0.000326247155318211 0.0203800857210611
FLJ42393 10.4749686308316 -1.95510313683301 0.543081444793877 -3.60001829481591 0.000318194791786018 0.0201881065111158
FOXI1 264.879379920656 -4.08941095904252 1.0389217401466 -3.93620693553441 8.27795997749806e-05 0.00825316424484656
FOXI2 73.1877114441456 -1.76423847596206 0.515037296956195 -3.42545770255569 0.000613764492535655 0.0323085031533063
FRG2C 18.1123488679263 -3.23741143531345 0.671907160121803 -4.81824220287603 1.44828497477862e-06 0.000580252693135842
FRMPD4 13.0766249505406 -1.83240328518069 0.562952514581392 -3.25498729949409 0.00113397436803956 0.047730613720887
FRZB 7526.71890002406 1.29287585264637 0.384183546557258 3.36525565509527 0.000764727664872154 0.0366848847660955
FUT9 49.8806098349323 -2.40084060363058 0.721994295802748 -3.32529026557088 0.000883265266144453 0.0404861102394814
FXYD4 505.974650519784 -4.14306196506268 0.992164985323727 -4.17577925682478 2.96967691633294e-05 0.00416636644745986
GABRA3 5.81478997660037 -1.82309128715709 0.542825121206016 -3.35852416540093 0.000783598695280694 0.0371779775710478
GABRA5 8.42030136196672 -3.00846188280588 0.806730698612048 -3.72920218355621 0.000192086984164413 0.0145009438661424
GABRB2 95.8840373424201 -1.90145334303143 0.454623987589189 -4.18247473723193 2.88353067168543e-05 0.004103304493884
GAL3ST3 55.7178638464428 -2.77574060952407 0.635405172589142 -4.36845768537501 1.25127054249256e-05 0.00237467001638829
GALNT17 123.395268841973 -2.49584574692416 0.592415198673192 -4.21300086917758 2.52000093173968e-05 0.0038126028082649
GAS2L2 16.0746830917392 -2.12517490710103 0.626996786226793 -3.3894510367272 0.000700327144924246 0.0348992759126972
GC 614.760077989365 -2.39508617635567 0.68173299020223 -3.51323202892849 0.000442690705369419 0.0253376016155222
GCGR 102.363031818376 -4.41407051759846 0.835555700470502 -5.28279624579534 1.27226867062445e-07 8.87920409321293e-05
GCM1 33.1165688976459 -1.62989776950552 0.494610424416079 -3.2953162510267 0.000983109734308498 0.0434049386848729
GCOM1 12.1518998238987 -1.8355110019527 0.488692389289064 -3.75596396052526 0.000172675543103279 0.0136843786631482
GDF1 14.9251183885067 -1.58178442753824 0.473412078533564 -3.34124222693675 0.000834044235702888 0.0390932622397752
GFPT2 714.864811302351 -1.97602637116278 0.431306595112952 -4.58148888413193 4.61677148773508e-06 0.00126435254603985
GGT6 618.851353985486 -2.76506776207075 0.705913057651512 -3.91700894621471 8.9654422929181e-05 0.00877680289625715
GJB3 33.4304646775828 -2.19897937489934 0.544210731273125 -4.0406762464148 5.32972933388409e-05 0.00623290238586931
GJB6 9.94854575584935 -2.20965338794283 0.61610602459142 -3.58648235814314 0.000335168728423581 0.0206004984075118
GOLGA6L7 9.30589762977512 -1.8890392372263 0.542118134379669 -3.48455275230348 0.000492960277905971 0.0273115206197002
GPC3 1247.29180285878 -2.17745522388715 0.504043581232254 -4.3199741152617 1.56047503642876e-05 0.00276728503386363
GPRC5A 1336.80468309201 -1.70598875366055 0.495286332358744 -3.44444948750346 0.000572223545115079 0.0308729585999121
GRHL2 237.89317547798 -4.16351355158175 0.7063659914479 -5.8942723771956 3.76335965643293e-09 9.5103582947674e-06
GRIA2 9.67845222735986 -2.67666848329016 0.624010033545699 -4.28946385377975 1.79104958687967e-05 0.00307534585810648
GRM7 6.65609196292414 -1.76726824425086 0.488619738255526 -3.61685807159649 0.000298200703428656 0.0194324464418042
HAGHL 363.835787235443 -1.88486315307694 0.413416926703643 -4.55923072164894 5.13413416837126e-06 0.00130678814979661
HAL 31.29619344436 1.05101248362481 0.265860636008262 3.95324595398978 7.70981149254602e-05 0.00786800809628458
HAMP 89.3017905518099 -1.50964848983587 0.46171672616989 -3.26964219459615 0.0010768359977948 0.045951374383216
HCN2 45.8290671063871 -1.27578516611142 0.384736265594941 -3.31599924467373 0.000913160756171558 0.0413704789589433
HELT 2.82232249414374 -3.72841008467893 1.10678177741393 -3.36869485996653 0.000755249903646472 0.0364832321893553
HEPACAM2 159.644125025841 -3.79735093869313 0.851832981289613 -4.45785854985823 8.27824964146573e-06 0.00188526243150643
HGC6.3 6.26283221645398 -2.81168569692163 0.832319063579789 -3.37813444381367 0.000729793911776387 0.0357457318971483
HHATL 37.5514678290288 -3.51477079756311 0.738181923909098 -4.76138832951961 1.92265678023113e-06 0.000693277990671673
HMGA2 50.7970303754906 -2.7008264046116 0.637973578925861 -4.23344554355826 2.30137928395013e-05 0.00368817339320453
HMGA2-AS1 22.9170776138994 -1.85951768394032 0.573428738847598 -3.24280517868242 0.00118359114362418 0.0489407692969719
HP 931.560311770819 -5.3048019517331 0.741180972647338 -7.15722900007199 8.23241149260885e-13 8.90541113212962e-09
HPCAL4 70.6498915389859 -1.88207255693108 0.563576228494531 -3.33951728581353 0.00083924127784919 0.0392159504239033
HPD 527.442259916498 -2.26648555291797 0.544295506241196 -4.16407177154539 3.12621772151517e-05 0.00418836729888059
HPR 12.1413078235342 -3.35015588978858 0.725366738111187 -4.61856839274459 3.86396626099062e-06 0.00119424157223617
HRG 112.573784672077 -3.19792616148756 0.854276459033861 -3.743432383826 0.000181523466487259 0.014229203613956
HS3ST3A1 35.8891637689335 -1.67292883194679 0.398815476669655 -4.19474401022933 2.73179930319949e-05 0.0040135536844587
HS6ST2 163.810229698656 -3.07370326814506 0.649964226304525 -4.7290345279787 2.25590020460922e-06 0.000762600014480008
HTR3A 9.9259098778653 -1.83906558876473 0.535646436425261 -3.43335727394751 0.000596155978285651 0.0316900112781574
HTR3B 3.51421725960258 -3.73591117221458 1.11271728732881 -3.3574666402308 0.000786602348464317 0.0372388223392243
HYAL4 4.76326601999473 -2.13333459180036 0.604416425217942 -3.52957746148463 0.000416223838443821 0.024142098511346
IGFBP1 377.028350456726 -3.81215123833555 0.595129869533143 -6.40557873750487 1.49800052029804e-10 5.40154020944135e-07
IGFN1 309.529839247394 -2.99104928789333 0.804510636292945 -3.71784927751311 0.000200926082116462 0.014836299612934
IL20RB 1292.82658738626 -3.29286927317929 0.600417885116361 -5.4842957793323 4.15119722639033e-08 4.49055759964774e-05
IL34 625.029288174481 -1.10381947611693 0.310716395933569 -3.55249832504149 0.000381591447987579 0.0225909388207959
INHBE 161.313087651321 -2.12069494659531 0.464031174238396 -4.57015619710457 4.87360835918351e-06 0.00127036767290283
INPP5J 409.858107701536 -2.6418330224983 0.489133854435066 -5.40104308574088 6.62545087288333e-08 5.97256790145129e-05
INSRR 40.4894863463309 -2.42905168368703 0.579648613632336 -4.19055894650642 2.78268108467209e-05 0.0040135536844587
INSYN1 186.745675040552 -1.55815592339403 0.379310190188206 -4.10786729093912 3.99329431336053e-05 0.00503700469943635
IRX1 63.4290484871756 -1.7407487673906 0.476680783307575 -3.65181234139953 0.000260396142587442 0.0177159451096833
IRX2 142.563389241345 -2.09180321984945 0.50428591879633 -4.14805002852812 3.35319133916512e-05 0.00442355455017302
ISM1 236.402150976101 -1.25373068559005 0.342135687992841 -3.66442534231122 0.000247894533424363 0.0170622728789621
ISX 2.09933454917738 -3.29319621933783 0.993127267821617 -3.31598610373604 0.000913203695690548 0.0413704789589433
ITIH1 27.2470833283985 -2.64325766884506 0.58642650723781 -4.50739800507202 6.56274602491714e-06 0.0015776112249898
ITIH2 42.8764252371211 -1.25685384124906 0.329633864726898 -3.81287839552032 0.000137357704264981 0.0117278143832006
ITIH3 190.479167489069 -1.31399136803225 0.352776194261049 -3.72471666004741 0.000195534716358161 0.0146380400983004
ITIH4 41.2546461216715 -1.33917516505389 0.394976081901691 -3.3905221769535 0.00069759610204367 0.0348992759126972
KBTBD12 17.0298906435073 -1.99437961006219 0.557361412486163 -3.57825203787624 0.000345899815705662 0.0210804014444845
KCNJ13 196.356263826959 -3.41554574742038 0.620891954045742 -5.50103077542658 3.77577290598939e-08 4.29941299058319e-05
KCNS1 129.615369541862 -2.90991197760149 0.705364625726769 -4.12540106417058 3.70089253281912e-05 0.00479453951781686
KCTD8 10.9934105331932 -2.2174492166789 0.577029639808421 -3.8428688297799 0.000121604468770256 0.0107520266638439
KIF25-AS1 36.8444412112791 -2.73750929707198 0.725105651228976 -3.77532473017166 0.000159799352297199 0.0128522638920071
KLB 63.2192368211619 -1.68723590113199 0.426537837709647 -3.95565352464819 7.63257133550521e-05 0.00786800809628458
KLHL4 405.790087059157 -1.63938316677306 0.416956655528169 -3.93178318426507 8.43180956032654e-05 0.0083679908182415
KLK1 362.800820115398 -4.2858920672911 0.845604189026837 -5.06843760107612 4.01094426807231e-07 0.000211650681072547
KLK11 6.30966663609686 -2.84614099464286 0.866591263150366 -3.28429458692686 0.00102237995923925 0.0444160450163478
KLK15 3.32411042174729 -3.80583330656975 1.03577278032765 -3.67439015472665 0.000238418185395515 0.0167473293539999
KLRG2 38.7258729992491 -3.67381216419609 0.638908922601785 -5.75013438415523 8.9172541983376e-09 1.51664887346538e-05
KRT15 48.7375381399459 -2.93174988990435 0.598914034978164 -4.89510967965751 9.82509160462269e-07 0.000425131713732024
KRT16 18.5121423526531 -2.42326034804513 0.626465533400032 -3.86814632066558 0.000109665855102589 0.0100534778607819
KRT19 8265.38405874561 -2.02873012350755 0.542494120659086 -3.73963522598697 0.000184287488801092 0.014249939007873
KRT20 22.9938005142284 -3.47015163496734 0.801214346851175 -4.33111519857983 1.48356034602437e-05 0.00267473567385311
KSR2 139.733649651397 -2.06566717788648 0.527654865839508 -3.91480740843726 9.04763977635187e-05 0.00878076354292162
L1CAM 1610.82199127039 -2.65592674097204 0.603129949511187 -4.40357296652995 1.06482446852876e-05 0.00216601636994615
LAMA1 2121.42408651924 1.0695133394373 0.267985291090435 3.99094045455047 6.58118038363496e-05 0.00715496671356494
LAMB3 1506.22563643325 -1.75819718754218 0.398828595610835 -4.40840302548861 1.04135628586863e-05 0.00216601636994615
LBP 631.307008886427 -4.44289407277257 0.657157899734385 -6.7607710027808 1.37259325818284e-11 9.89868504692856e-08
LCT 3.60558006229559 1.41100332904481 0.429614165590394 3.28435010308786 0.00102217856760083 0.0444160450163478
LGI3 20.6996722848299 -1.72879057216373 0.531953387147466 -3.24989108807853 0.00115449213805682 0.0482189911329331
LGR5 74.9024980015974 -3.09627281688016 0.612987530018128 -5.05111876711193 4.39229849545993e-07 0.00022625566178399
LHB 4.49473534913446 -1.53948307960906 0.460786792958426 -3.34098785628163 0.000834808742998666 0.0390932622397752
LHX1-DT 108.234750871918 -3.43156254190471 0.876577765917662 -3.9147268791518 9.05065990326564e-05 0.00878076354292162
LINC00323 38.8857672564898 -1.62892591519637 0.498405250987646 -3.26827599020771 0.00108204794891658 0.046082888533091
LINC00460 44.7009234508296 -2.89634260596187 0.755509751448248 -3.83362703182829 0.00012626754635689 0.0110599124106531
LINC00488 29.2618874639535 -3.21014600714859 0.668201483613993 -4.80415875431224 1.55403493654931e-06 0.000611300833677169
LINC00648 6.32707712996202 -2.6859436675301 0.70782738617684 -3.79463089445801 0.000147863259834158 0.0123514348513977
LINC00942 17.2949567207341 -1.64367052021469 0.468232518600363 -3.51037242165054 0.000447479480442695 0.0255441122938726
LINC01234 91.19895450319 -4.12337689052363 0.728677481348325 -5.65871321135635 1.52512162315001e-08 2.06225039480315e-05
LINC01589 9.64503038739639 -1.81922173801674 0.493747759399263 -3.68451644262682 0.000229137234461072 0.0162537182543124
LINC01612 13.14927361255 -5.15992226241911 1.1853340822248 -4.35313751607837 1.34202908983334e-05 0.00248160678278156
LINC01976 4.24728382285312 -3.46394520314181 1.04492836525815 -3.31500734242776 0.000916407175267581 0.0413704789589433
LINC02268 7.55095479525404 -1.81091564991817 0.543207040897554 -3.33374848552394 0.000856840991060337 0.0394420315778519
LINC02303 25.9101093659826 -3.90179764007978 1.03102346755774 -3.78439265725179 0.00015408439246404 0.012675345364865
LINC02450 3.93790704550023 -1.92938260924354 0.595050805085893 -3.2423829910877 0.00118534611100593 0.0489407692969719
LINC02492 9.8308872282329 -3.21107517463655 0.834261166871337 -3.84900472675576 0.00011859871918363 0.0105591904919252
LOC100288748 13.7605744275001 -2.43953089482532 0.715264347752448 -3.41067033816375 0.000648033915360199 0.0333021704484986
LOC101928093 4.30079561657663 1.086205304569 0.308939778789238 3.51591274139553 0.000438244991728068 0.0251496827481081
LOC101928516 2.52553442495277 -3.41175249090981 1.04270228606796 -3.2720293572728 0.00106778487886548 0.0457492881666116
LOC105371267 258.16587870618 -1.88893170405715 0.467645088089456 -4.03924204950873 5.36242052026854e-05 0.00623741763204354
LOC105373764 4.38088399474203 -2.62337963371047 0.785715869477502 -3.3388400764452 0.000841289827782265 0.0392269513449769
LOC105375267 12.4475108418043 -2.49209612286068 0.689530910653998 -3.61419058138671 0.000301287387694693 0.0195267443621509
LSAMP 117.162897577445 -2.55911137302514 0.55986429904952 -4.57094938428783 4.85519553700002e-06 0.00127036767290283
LY6D 5.65173823946802 -2.87448083495433 0.783834690994327 -3.66720287833641 0.000245218232492946 0.0169498289456386
LYPD8 53.7538171890657 -2.80767393150211 0.49212184478244 -5.70524141789183 1.16178305261514e-08 1.79536973880918e-05
MAB21L4 173.407895656429 -2.78427173124782 0.651763157632281 -4.27190720838303 1.93808225916692e-05 0.00322541612900588
MAFA 5.01554407142545 -1.66088939103202 0.479784850110322 -3.46173788240732 0.000536699584137844 0.0292480995033306
MAL 4129.04021976636 -2.00845064281826 0.542692882557022 -3.7008973350728 0.000214838390725862 0.015545246098174
MARCHF10 25.4188840638969 -2.00545935703524 0.532155234138773 -3.76856080403085 0.000164191492095588 0.0131566034499558
MBL2 4.12253037969929 -2.99779049192135 0.90402983450053 -3.31603048651332 0.000913058677394304 0.0413704789589433
MEGF6 1505.34636021472 -1.06159463196023 0.264679714554037 -4.01086510822684 6.04966685859499e-05 0.00674299795739342
MFSD2A 306.115867760894 -1.7815938731224 0.421747489630349 -4.224314114315 2.39669576091928e-05 0.0037295436504681
MIR200CHG 5.70123396483694 -3.37764964236743 0.967027674597105 -3.49281590495812 0.000477955889379348 0.0267883095187053
MMP1 400.59426733064 -1.7587138027207 0.48323253689966 -3.63947720491735 0.000273192118683021 0.0184128083729195
MMP13 9.2331067830022 -3.59570786446312 0.827771045447777 -4.34384348696088 1.40011283852025e-05 0.00255567889377223
MMP17 70.1644768909691 -1.41392665855769 0.37984533612169 -3.72237467226585 0.000197357875430636 0.0146729815633739
MMP3 12.6088113763501 -2.80378913161431 0.640019884195857 -4.38078441131104 1.18252829087506e-05 0.00228301067560024
MMP7 6749.10040450637 -1.95604312144972 0.507656113925422 -3.8530868983823 0.00011663797181249 0.0104275310750546
MOCOS 463.205387759074 -1.84521396696378 0.444748620114196 -4.14889194370067 3.34088452858611e-05 0.00442355455017302
MOGAT2 17.2678384994318 -3.02168392399688 0.715988370330138 -4.22029749254671 2.43980138460923e-05 0.0037295436504681
MPPED2-AS1 5.95275268641802 -2.67838426736181 0.765409478289999 -3.49928285882426 0.000466511403513028 0.0263524130940061
MRAP2 91.3337062785384 -1.9457104529405 0.557591789666059 -3.48948906529952 0.000483944857022411 0.0269849149012367
MRGPRD 0.808157392081088 1.75393973927271 0.535611530841782 3.27464895409584 0.0010579334893619 0.0455037595275241
MS4A10 9.46673063197916 -2.87542479516101 0.74506550417057 -3.85929126911066 0.000113716337814785 0.0102939454754095
MS4A8 6.37995673447681 -2.77980806961035 0.811725727649003 -3.42456568139277 0.000615782975689901 0.032336079318085
MSLN 479.12373083773 -3.41240398962367 0.527650734506854 -6.46716429346568 9.98590624524566e-11 4.60516699591514e-07
MT1G 2094.13279150094 -2.83791631308288 0.616739907093892 -4.60147994387988 4.19499557040421e-06 0.00122646931304993
MTRNR2L1 1013.28826683521 -6.52302008814254 0.725117247983867 -8.99581427180129 2.34487472164191e-19 5.07313646027228e-15
MTRNR2L10 15.2441859029125 -1.65757616796566 0.386050283947243 -4.29367944252614 1.75736155408439e-05 0.00304164137780926
MTRNR2L2 152.295701126047 -1.03209385010363 0.299954627040929 -3.44083323629742 0.000579925837345306 0.0310561769578359
MTRNR2L3 13.1808484329264 -1.28466754075941 0.366155394753208 -3.50853096572641 0.000450588776809239 0.0256539162796523
MTRNR2L6 9.80981274225426 -1.28689854276638 0.364842016441357 -3.52727614905403 0.000419858616948492 0.0242878106355097
MUC12 110.468823329469 -1.58908803523505 0.434664217218853 -3.65589798351159 0.000256283266153157 0.0174911307988125
MUC13 170.053811860526 -1.55189452727472 0.455379368266944 -3.40791576302814 0.000654610995818077 0.0334265457675434
MYO3B 355.19021153708 -3.30723067210634 0.592710146238067 -5.57984487543759 2.40733182396059e-08 2.89347911174374e-05
NAP1L6P 22.259003415815 -2.28795764140617 0.608164904008149 -3.76206786404024 0.000168514305702441 0.0134037022201188
NAT8L 214.240855132955 -2.36011448778708 0.566151540688299 -4.16869745672293 3.06345302068202e-05 0.00418836729888059
NHLRC4 144.752513875413 -1.25741139173334 0.368423417118951 -3.41295187359755 0.0006426328977873 0.0331244027832534
NIPAL4 22.2861284856117 -1.76523160403737 0.538720827901495 -3.27670940608248 0.0010502440031267 0.045263005991327
NKAIN3-IT1 8.4697880023777 -2.56324039407191 0.714061235881969 -3.58966467477532 0.00033110361116153 0.0204324867323218
NKAIN4 901.452288178934 -2.36647202675063 0.562532461200445 -4.20681861043287 2.58990853613725e-05 0.00386432215029857
NMRAL2P 50.9857296390223 -2.4095542109625 0.572178703414588 -4.21119170738619 2.54027053654983e-05 0.00381658007348996
NMRK2 42.9944493086272 -3.44007775510396 0.805190044133933 -4.2723798936239 1.93397726858731e-05 0.00322541612900588
NOS1 105.645202704761 -1.53305586487232 0.455099578022894 -3.36861631806478 0.000755465126916162 0.0364832321893553
NOX4 2844.08672606977 -1.01175603722428 0.280407094726024 -3.60816846739499 0.000308366239363964 0.0198556654423791
NPC1L1 167.265208005708 -2.01579994618651 0.569102787758487 -3.54206654675879 0.000397005304185994 0.0232140804217946
NPFFR2 5.83726538555434 -2.38307725357702 0.624713601114575 -3.81467163405004 0.000136364134473019 0.0117072938465228
NPHS1 120.11944421163 -2.0352051564314 0.578136282207451 -3.5202861661969 0.000431081428466381 0.0248043795342291
NPSR1-AS1 10.6059727433595 -3.54145462734018 0.839296002537319 -4.21955378869175 2.44786317710409e-05 0.0037295436504681
NTNG1 88.6300201627867 -3.13168913468348 0.674046531729374 -4.64610229007282 3.38265322453158e-06 0.00107623091930501
NUPR2 27.4700817817081 -3.65154983787654 0.795959621263376 -4.58760688397819 4.48355893480732e-06 0.00125976360460463
NYAP1 30.5899308966985 -1.30538680556534 0.355165301904009 -3.6754345049116 0.000237444951618878 0.0167332948803727
ODAM 10.2167096972109 -5.59056173565524 1.47699994278395 -3.78507918227658 0.000153659645389053 0.012675345364865
OOEP 9.89659378814809 -2.60417350937855 0.686808545719432 -3.79170225182722 0.000149618229258644 0.0124022620306926
OR7D2 9.02052371771802 -2.17255713241224 0.521571585488221 -4.16540546467576 3.10799693007346e-05 0.00418836729888059
OVCH2 51.5510240383911 -3.05642938274514 0.699987609499126 -4.36640497812834 1.26308198300659e-05 0.00237624162629109
OXGR1 41.0700452872979 -2.80413149372891 0.561896365363119 -4.99047807849189 6.02300359845994e-07 0.000283277571418871
PAEP 29.9052007198544 -3.62419296652639 0.827636123174903 -4.37896904816526 1.19242064406206e-05 0.00228301067560024
PAK6 10.5971963779957 -2.29023437818276 0.612471977546093 -3.73932924630891 0.000184511931170527 0.014249939007873
PAPPA2 708.281667821401 -2.42976557335809 0.60094289953324 -4.0432553163459 5.27141642349723e-05 0.0062320816569597
PCDH9 265.204590639855 -1.42641432539032 0.429372031178342 -3.32209417897052 0.000893445320314941 0.040779935664586
PCP4 131.225148345674 -3.04260082466605 0.824331182672236 -3.69099324230686 0.000223380072884921 0.0159696429023267
PDE1A 1828.82545805443 -1.26112221910868 0.388643011620603 -3.24493733683754 0.001174764718766 0.048689721629315
PDGFRL 201.818514620819 -1.25821051995379 0.370829295129791 -3.39296419263051 0.00069140675611114 0.0347874073685221
PGLYRP1 7.10612589616658 1.46764720741466 0.341207803249958 4.30132955177319 1.69776342479058e-05 0.00296218642704389
PGPEP1L 6.02474573268091 -1.86288685508665 0.518356379145562 -3.59383414583873 0.000325847298227517 0.0203800857210611
PI3 34.5039381690034 -2.51510358102865 0.590604308701311 -4.25852562193316 2.05779636661101e-05 0.00336957365666384
PIK3C2G 64.3009528363293 -3.51530686292756 0.761634132474735 -4.6154796811764 3.92188412320934e-06 0.0011950699014878
PITX1 76.5756941729876 -2.93707074169368 0.661758347151912 -4.43828287823539 9.06793938525305e-06 0.00196351110011244
PKP3 145.102813449966 -2.12324486408102 0.542633188428301 -3.91285477806998 9.12113914700406e-05 0.00878918722726185
PLA2G4F 227.826980607706 -3.85005887649433 0.837806202373638 -4.5954050776737 4.31909379492302e-06 0.00122952097701526
POU3F4 11.735293280374 -3.95027243008092 1.00351457288417 -3.93643753346556 8.27001342541187e-05 0.00825316424484656
PPP1R1A 2478.29479093316 -2.86580243371632 0.643889615070598 -4.45076666347865 8.55642721303917e-06 0.00190843611086704
PPP1R1B 45.3614844518603 -2.00633293241409 0.601423473100337 -3.3359737724759 0.000850011825357475 0.0393430245073828
PPP2R2C 152.681134140384 -1.74762894277273 0.536025722267419 -3.26034529719985 0.0011127665283158 0.0470209059377193
PRDM16-DT 158.881166293736 -2.27767735117681 0.609240081961933 -3.73855466607189 0.000185081250807133 0.014249939007873
PROM2 1389.7321616835 -3.8443057428651 0.595321781171643 -6.45752576917173 1.06428634063211e-10 4.60516699591514e-07
PROX1-AS1 8.31136220943548 -2.19518441746852 0.667380870976466 -3.2892528283837 0.00100453743878929 0.0438168699358997
PRSS3 24.185399930361 -2.71404792428835 0.590566835764208 -4.59566599397052 4.31369222192566e-06 0.00122952097701526
PTGDS 1829.8078963296 -1.58819241224553 0.480074315493846 -3.30822200019549 0.000938903499133793 0.0419693743879331
PTGER1 62.0295051563619 -2.3749460576813 0.651039285988976 -3.64793048406224 0.000264361138135054 0.0179293204500059
PTPRH 68.3118221300775 -1.81657336055629 0.458280910373752 -3.96388616552844 7.3739425423614e-05 0.00766996379346101
PVALB 311.842411710053 -4.27089416804611 0.74322199707981 -5.74645823835523 9.11321255144436e-09 1.51664887346538e-05
RAB3B 137.684847438976 -2.14853941963761 0.559627225206772 -3.8392331946391 0.000123419166451134 0.0108543644966271
RAB6C-AS1 9.00364619171798 -1.53647000050394 0.457102512363199 -3.36132477715001 0.000775695564852623 0.0369651399682522
RALYL 90.730972754116 -3.16492200514763 0.862664669521536 -3.66877434183436 0.000243716075102018 0.0169459627570142
RANBP3L 171.457319236447 -2.34063515110298 0.516870020849151 -4.52847922434662 5.94097212222327e-06 0.00146060149845796
RASL11B 217.3242686229 -1.74596961969397 0.520239598113306 -3.35608751434123 0.00079053548989142 0.0373295271769552
RBFOX1 8.6859467555028 -2.00267615607893 0.612063616907806 -3.27200653781156 0.00106787106651901 0.0457492881666116
RDH8 5.72690969969223 -3.26643921500769 0.84436184496714 -3.86853010291436 0.000109493420321746 0.0100534778607819
REEP2 84.8343053082431 -1.49685340285163 0.392690159084701 -3.81179249905463 0.000137962671905862 0.0117278143832006
RHAG 2.71195083971545 -3.07745211105196 0.71512630671963 -4.30336862472394 1.68220614666294e-05 0.00295890487667095
RHBG 135.172737363196 -3.88362599815404 0.788503102209745 -4.92531479872476 8.42246497060138e-07 0.000387702190721194
RHCG 823.16007772998 -4.18448174712956 0.818277953456737 -5.11376571915767 3.15798994478952e-07 0.000179797664356635
RN7SK 349.223684623737 -1.46709941445246 0.392394263320311 -3.73884011972638 0.000184871249331512 0.014249939007873
RORB 59.2417945161286 -2.79876814128774 0.601905627745372 -4.64984544466118 3.32183865281985e-06 0.0010726564067725
ROS1 18.94262445746 -3.29934595759318 0.781732252583263 -4.22055754600168 2.4369883555384e-05 0.0037295436504681
RPS4Y1 36.1445345018146 -2.34232386700581 0.667848627801914 -3.50726761948301 0.000452733584522211 0.0257083755935382
RYR2 176.692934790167 -1.91676534655227 0.436319078995608 -4.39303582819389 1.11778697274292e-05 0.00223028263783646
SAA1 845.360841602077 -4.11917295284947 0.699823997464059 -5.88601272287896 3.95623871749049e-09 9.5103582947674e-06
SAA2 171.711216194147 -3.61595420829277 0.672338665534387 -5.37817381872385 7.52451542628661e-08 6.02936634250781e-05
SAA2-SAA4 32.2729007568862 -3.47693265656242 0.957024166895576 -3.63306672582888 0.000280072554256983 0.0185870236544474
SAA4 12.821586349141 -3.25153035593805 0.834580052090914 -3.89600775598678 9.77912584167903e-05 0.0091987559819446
SCG2 384.465766836687 -1.55107896281756 0.459645915263033 -3.37450831457939 0.000739476820545145 0.0360328401182302
SCG3 19.3654491004127 -1.51548176091127 0.42833256445713 -3.53809606521977 0.000403023400947051 0.0235024562789473
SCN2A 145.676176290623 -1.82987315458379 0.536835283751695 -3.40863056130673 0.000652898338289476 0.0334265457675434
SCN7A 41.9485797109221 -2.45158247310706 0.617739122284645 -3.96863722025591 7.22848289646547e-05 0.00759166152742867
SCNN1B 612.726228224254 -3.20687519624942 0.590199571373766 -5.43354375670758 5.52457283200355e-08 5.23583909081221e-05
SCNN1G 1090.57844832591 -4.56418209124119 0.789264070024378 -5.78283272302034 7.34530948842486e-09 1.51664887346538e-05
SDK2 189.379402896705 -1.1846751440199 0.360837103294052 -3.28313006951086 0.00102661286169648 0.0445105596448965
SDR16C5 4.76557601144621 -2.13669960619319 0.565536648830009 -3.77818061944107 0.000157978287609892 0.0128009747282397
SEMA3B-AS1 21.7478115396442 -1.70929419260133 0.500575073289755 -3.41466102450514 0.000638614333528635 0.0330536390093111
SEMA3C 2161.20889116124 -1.26509999636434 0.391013525406689 -3.23543794309551 0.00121456283775959 0.0499564011310433
SEMA3E 25.165427296681 -2.11708897265684 0.61315922118849 -3.45275566198495 0.000554891371306545 0.0300126870455428
SERPINA3 28.8038589451735 -2.06059741085415 0.606188094512136 -3.39927067111493 0.000675658147607371 0.0343142347969142
SERPINC1 18.7853000046573 -1.7197978758267 0.406816124409945 -4.22745749894043 2.36346799819553e-05 0.0037295436504681
SFN 313.408805651989 -1.57438549273459 0.438559796145805 -3.5898992715948 0.000330805768601439 0.0204324867323218
SFRP1 3203.16132307625 -2.46479541797246 0.603377627982681 -4.08499636655936 4.40775063072276e-05 0.00544923913689639
SFTPB 20.9710795894682 -1.74822949372457 0.514811475873908 -3.39586348722492 0.000684124706100848 0.0345818645245136
SGCZ 2.415760654444 -3.19995987032985 0.981092192549014 -3.26163014508953 0.00110773570089464 0.0469918860565797
SIK1 247.383240619765 -1.95390266849464 0.510889170772235 -3.82451376986758 0.000131030423110144 0.0113393728159518
SIM2 215.506144545774 -1.34190036701261 0.403925081557024 -3.32215162732639 0.00089326138208003 0.040779935664586
SLC12A1 5524.02632157272 -2.94912524350015 0.810557968829496 -3.63838905656421 0.000274348765169662 0.0184333401690859
SLC13A2 250.217231595771 -2.48170374884245 0.622761235065282 -3.98500036467797 6.74800220304237e-05 0.00729965138314108
SLC13A3 1849.52891181275 -2.77523943569429 0.632272639810921 -4.38930812588098 1.13711857295406e-05 0.00223028263783646
SLC14A2 53.968039695764 -1.84889286071194 0.569532412517077 -3.24633474772869 0.00116901293973549 0.0486189060568202
SLC16A7 1608.58499207955 -1.28167125100033 0.384304625003008 -3.33503988142298 0.000852871666002428 0.0393430245073828
SLC17A8 16.8189975686368 -1.76400908005443 0.493168577323741 -3.57688863639106 0.000347708216202002 0.0211310878020514
SLC24A2 15.8679115593372 -2.27671371677559 0.633191982955937 -3.59561361808023 0.000323627841536078 0.0203800857210611
SLC26A7 538.308942009524 -3.27693810558279 0.60805018033436 -5.38925603768564 7.07499499522448e-08 6.02936634250781e-05
SLC2A12 149.6325210805 -2.24972391139437 0.481419960564871 -4.67310061002596 2.96686337990635e-06 0.000972546806428391
SLC30A10 13.8914585192567 -2.49799970111396 0.6926403806814 -3.60648869281416 0.000310368376549078 0.0198842678067489
SLC30A2 294.262321989748 -2.76992243565371 0.620922975022173 -4.46097591340503 8.15872608737118e-06 0.00187780892447102
SLC34A2 4332.3127461526 -2.81678371868047 0.617515802218117 -4.56147633560564 5.07952017312544e-06 0.00130678814979661
SLC36A2 262.012312594678 -2.81459710193556 0.708554875750841 -3.97230644832271 7.11800666419124e-05 0.00754892520489105
SLC4A11 245.937091972127 -1.81856562644492 0.4010755364245 -4.53422226311042 5.78161229028815e-06 0.00143776071149867
SLC4A9 60.8360494994173 -2.38412933734672 0.615118120414769 -3.87588864353259 0.000106236264356217 0.00982231444165275
SLC52A1 48.0902473500374 -1.87033620474562 0.464212905142368 -4.0290482751056 5.60031181643367e-05 0.00638466339770182
SLC5A7 9.79449666424105 -2.08772748694612 0.62588630698614 -3.33563374632568 0.0008510520512174 0.0393430245073828
SLC66A1L 115.409228634345 -1.78230810762405 0.448923481136031 -3.97018240862297 7.18176280640486e-05 0.00757938723495459
SLC9A2 262.057776694343 -3.22581097431287 0.679923980164432 -4.74437005962452 2.09156185552719e-06 0.000729853882973076
SLC9A4 177.82397491119 -3.28337473773425 0.947927432941222 -3.46374060253391 0.000532719947364258 0.0291045355081458
SLC9C2 15.2780438117549 -2.04246648799212 0.511618415206244 -3.9921676532475 6.54720564535711e-05 0.00715397950188389
SLCO1A2 48.1291463477552 -3.71712486055887 0.690979303684028 -5.37950245505275 7.46919762868777e-08 6.02936634250781e-05
SLN 18.4813789743911 -3.22266540323225 0.671352752166974 -4.80025648637057 1.58462551586351e-06 0.000612203089923338
SLPI 1349.99203180115 -3.26171687764586 0.669571896113003 -4.87134674645213 1.10840119909911e-06 0.000470201175343318
SMCO3 90.4271423416098 -1.94969057612225 0.423050909386231 -4.60864291475201 4.05305735777381e-06 0.00120120405391009
SMIM5 368.094133553982 -2.0144585050311 0.479446081682464 -4.20163722678053 2.64991538508708e-05 0.00392677529838075
SNCB 7.24532399969265 -2.50516550380092 0.755805096808938 -3.31456550687195 0.000917856709049816 0.0413704789589433
SNORA28 3.57600700914713 2.35247090174901 0.418740883361903 5.61796326850619 1.93221561817494e-08 2.45902852348323e-05
SOWAHA 151.803691891836 -1.90258707613632 0.57775896054262 -3.29304641913202 0.000991081105168811 0.0434049386848729
SPINK1 271.730469923998 -2.16019335222813 0.578869910535746 -3.73174233607836 0.000190159954303098 0.0145009438661424
SPTBN2 2128.56604496532 -3.68305071727197 0.611356810872597 -6.02438813434515 1.69750562270444e-09 5.24650487817293e-06
SRARP 13.3083931216946 -3.22512693609181 0.705465224367303 -4.57163135005594 4.8394178620246e-06 0.00127036767290283
SST 989.288611710651 2.37670143336308 0.67835391290152 3.50363046215392 0.000458961776525435 0.0259938168458842
SSTR5 13.8372557201692 -2.94104830452608 0.701648485904056 -4.19162638217142 2.76961832726209e-05 0.0040135536844587
SSTR5-AS1 18.1484549254771 -3.17477200733254 0.697577278971408 -4.55114021490753 5.3355974441872e-06 0.00134227500819756
STAP1 115.436643491976 -1.99029607146581 0.493625879479709 -4.03199296107332 5.53058440115393e-05 0.00636458476164709
STAR 10.472413613589 -1.24193242843694 0.369332252264666 -3.36264277170943 0.000772001939225415 0.0368703354418142
STRA6 129.318444446439 -1.74414697612747 0.529493514671968 -3.29399119686669 0.000987755919068069 0.0434049386848729
STXBP6 386.158816397861 -1.35109087889041 0.378639590876152 -3.56827682959424 0.000359336736526936 0.0216597137188624
SULT2B1 60.3423651672115 -2.03939471168846 0.467497778867246 -4.3623623552393 1.28665535378785e-05 0.00239972315337932
SULT4A1 60.5834176032235 -2.13936616361465 0.647269235433678 -3.30521836431983 0.000949024291848491 0.0421604528832487
SYN2 67.4196836649772 -1.56078535227875 0.389362109609259 -4.00857020690859 6.10874786063837e-05 0.00674299795739342
SYT3 27.7247125291833 -1.62984199276185 0.413546683283417 -3.94113182052742 8.10980408726054e-05 0.00822511985691379
SYT5 17.9207440451907 -1.70113927940944 0.407893851293705 -4.17054406192685 3.03873291937908e-05 0.00418836729888059
SYT7 264.188355600675 -2.01747465251201 0.453223293115198 -4.45139224563028 8.53153406126401e-06 0.00190843611086704
TAFA4 3.03990441629677 -3.52487367547859 0.844359182327734 -4.17461401409907 2.98491702961072e-05 0.00416636644745986
TBC1D3D 5.3334465674922 -5.09903889977026 1.21956272883659 -4.18103864541231 2.90180535042409e-05 0.004103304493884
TDGF1 93.7638798630301 -2.48784757065273 0.672598680028677 -3.69885883592079 0.00021657100433798 0.0156183789295073
TDRD1 16.5330295345169 -1.78071248786057 0.458924347475276 -3.88018743755257 0.000104375997893109 0.00972744735752611
TDRD5 27.9243842670268 -2.49416514439545 0.616805044548514 -4.04368473708109 5.26176610233505e-05 0.0062320816569597
TEX55 3.56631888817254 -3.59187580641732 1.05247867889948 -3.41277773928224 0.000643043640811945 0.0331244027832534
TF 504.131298734922 -3.17812650393196 0.559138431596337 -5.68397077421136 1.31602776531601e-08 1.89815071350746e-05
TJP3 250.145322212414 -1.65331429860697 0.474516057853621 -3.4842114850347 0.000493589302625503 0.0273115206197002
TMC3 11.9646478941254 -2.03374768976847 0.520561688087232 -3.90683320787847 9.35136567455959e-05 0.00894415655189165
TMC5 33.0168378612357 -1.55288959111375 0.372866412018282 -4.16473444928477 3.11715162945339e-05 0.00418836729888059
TMEM213 1389.73987706249 -3.85716986221996 0.819505037969662 -4.70670671137808 2.51750695561805e-06 0.000837942507458409
TMEM30B 852.68702353841 -2.34115949176514 0.491252511427842 -4.76569470344383 1.8820405271097e-06 0.000693277990671673
TMPRSS2 960.145275291514 -3.99199254275005 0.691628589336511 -5.77187323412936 7.83950857383624e-09 1.51664887346538e-05
TNNT1 47.1686626500283 -2.81791234605363 0.555401292002051 -5.07365104588777 3.90254429369991e-07 0.000211078864485494
TNNT2 60.8917031734052 -2.06871994158624 0.579761899521422 -3.56822334012275 0.000359410086668435 0.0216597137188624
TNS4 65.1012754650762 -1.85612324212721 0.436011690282098 -4.25704925692774 2.07142729991353e-05 0.00336957365666384
TP63 59.7698289348609 -1.12381674730253 0.312073493657357 -3.60112848461407 0.000316838938261476 0.0201612071449618
TPSG1 229.876940553917 -2.92388035750197 0.574152431689689 -5.09251584792075 3.53343168765487e-07 0.000196014857852341
TRIM29 220.191682207216 -1.89730012652263 0.506575386334531 -3.74534605846344 0.000180145283602795 0.0141725207663508
TRIM50 40.9918462259137 -1.86935273057495 0.541017728416417 -3.45525226326063 0.000549778171490757 0.0298855546236245
TRIM54 125.644493411483 -2.64737434864178 0.496234956075342 -5.3349211220014 9.55860999699366e-08 6.89335090949859e-05
TRIM63 83.0290016321771 -3.1260042482508 0.600198959433558 -5.20828001968045 1.90599138977861e-07 0.000122152600823823
TRPM6 112.338015137317 -1.2658342430086 0.355039628182164 -3.56533226865347 0.000363395508811791 0.0217785646347454
TRPM8 37.1977647812846 -1.80376092711491 0.467215175759432 -3.86066425214677 0.000113079196221616 0.0102939454754095
TRPV6 83.0961984298694 -1.75246576933133 0.509136574798814 -3.44203472324458 0.000577356133717466 0.0309952852431201
TSKU 2912.66133983442 -1.3416196223497 0.359795393128061 -3.72884046870544 0.000192362879111758 0.0145009438661424
TSPAN8 581.987458865912 -2.76604264855663 0.615096471371522 -4.49692491714185 6.89433204748105e-06 0.00163910850381596
TTR 32.9654584795458 -2.43900976760402 0.673539779257996 -3.62118146947601 0.000293260715253576 0.0192263502257913
TUBB2B 189.831103680973 -1.64254907242139 0.402858585043746 -4.07723487447345 4.55744499568589e-05 0.00557063968822962
TYRP1 59.0494471656714 -2.7301448359995 0.770123180240134 -3.54507552304581 0.000392500608387954 0.0230128744240471
UCN2 6.2672862669569 -2.22566543407969 0.627131649116536 -3.5489604729965 0.000386755131188198 0.0227995838235876
UGT1A10 41.336445768534 -3.28407485660759 0.742478174223739 -4.42312645761081 9.72827607722434e-06 0.00208387379139355
UGT1A8 17.8195742612367 -2.57631442183548 0.614737725885564 -4.19091640768289 2.77830013929177e-05 0.0040135536844587
UGT2A1 15.2136846432964 -3.84127699652845 0.93673728226126 -4.10069831666751 4.11905263242831e-05 0.00515119674581425
UGT2B4 8.37263664959579 -3.17488709372233 0.749192424342288 -4.23774585882866 2.25775124529925e-05 0.00364525732776487
UNC5B-AS1 11.0112173672791 -1.4431767154784 0.397067394692945 -3.63458882488807 0.000278424322095573 0.0185344929493469
USP44 46.5695642751514 -1.29865582720067 0.360902145810757 -3.5983599495738 0.000320230216273632 0.0202578383891229
USP9Y 8.41866968034985 -2.8828489067778 0.858240849811969 -3.35902084759704 0.000782191662951938 0.0371779775710478
VGLL1 14.3264941539817 -4.29786038573191 0.979469820300579 -4.38794569945298 1.14426333625998e-05 0.00223028263783646
VSTM2A 8.63772139719336 -3.40294733099102 0.926770128732998 -3.67183536185315 0.000240814806349027 0.0168609331241463
VSTM2L 41.2275817621974 -1.7948419020687 0.465634408933962 -3.85461612722709 0.000115911355624223 0.0104055692071787
VTCN1 333.949551211953 -2.79590206080931 0.629851211872772 -4.43898814212979 9.03827955039467e-06 0.00196351110011244
VTN 63.0758186599051 -1.61673891088668 0.377266783876367 -4.28539956334055 1.82411044082097e-05 0.00310745113284737
VWA5B1 42.3825207566365 -2.39912398140437 0.613219632613297 -3.91234046304137 9.14059221693514e-05 0.00878918722726185
VWC2 25.5746032386622 -2.77229686811893 0.648730785747509 -4.27341653737692 1.92500360841218e-05 0.00322541612900588
WFDC12 5.64473977099617 -3.4101371874811 0.902035931559926 -3.78048930000362 0.000156520446450076 0.0127785655054619
WNT4 62.7238564629407 -1.34490724163743 0.412456013018718 -3.26072890002065 0.00111126232211584 0.0470209059377193
WT1 304.904569695729 -2.512981749669 0.556723315325505 -4.51387912180346 6.3652505307314e-06 0.00154732803631881
WT1-AS 32.3648621840696 -2.05752059830063 0.564961585908624 -3.64187698707256 0.000270657406805483 0.0182989781132395
XDH 39.0708710990923 -2.31904781786476 0.592040129022893 -3.91704498425155 8.96410264923481e-05 0.00877680289625715
XG 46.0879096504403 -1.47028407384006 0.425749753490179 -3.45339970672227 0.000553568103510197 0.0300126870455428
XKR4 32.5605531878643 -1.71969314468905 0.499412002785221 -3.44343575063939 0.00057437304967485 0.0309118431087447
ZBBX 27.5682198845943 -1.4220681718519 0.406740994396307 -3.49624992671947 0.000471846533268327 0.0265843743418236
ZBTB7C 420.081696907935 -1.85792914511377 0.435202967499988 -4.26910955085302 1.96254867253636e-05 0.00324120156720032
ZFR2 13.2814774191803 -1.47966967836065 0.408499059037689 -3.62221073861551 0.000292096005283581 0.0192081977942562
ZNF114 53.9909920331833 -1.33212086490753 0.334518680375073 -3.98220172163154 6.82797887589175e-05 0.00734941905372726
ZNF648 5.59286664548813 -2.94434262377991 0.779544099323225 -3.77700585038882 0.00015872500457744 0.0128134905747497
